1,1885,certain	1
1,1885,cut	1
1,1885,during	1
1,1885,region	1
10,1841,drop	1
10,1841,none	1
10,1841,party	1
10,1841,politics	1
100,1778,each	1
100,1778,late	1
100,1778,maybe	1
100,1778,method	1
1000,1717,control	1
1000,1717,look	1
1000,1717,make	1
1000,1717,night	1
101,1740,close	1
101,1740,house	1
101,1740,right	1
101,1740,television	1
102,1841,behind	1
102,1841,off	1
102,1841,real	1
102,1841,these	1
103,1794,day	1
103,1794,picture	1
103,1794,reveal	1
103,1794,west	1
104,1799,know	1
104,1799,local	1
104,1799,manage	1
104,1799,new	1
105,1795,anything	1
105,1795,other	1
105,1795,provide	1
105,1795,sort	1
106,1794,site	1
106,1794,sort	1
106,1794,view	1
107,1799,democrat	1
107,1799,finish	1
107,1799,front	1
107,1799,relate	1
108,1766,charge	1
108,1766,hit	1
108,1766,tough	1
109,1810,interest	1
109,1810,senior	1
109,1810,set	1
109,1810,wish	1
11,1714,even	1
11,1714,key	1
11,1714,top	1
11,1714,treat	1
110,1765,community	1
110,1765,executive	1
110,1765,year	1
110,1765,yes	1
111,1863,enough	1
111,1863,expect	1
111,1863,nation	1
111,1863,wrong	1
112,1895,card	1
112,1895,datum	1
112,1895,group	1
112,1895,summer	1
113,1877,billion	1
113,1877,once	1
113,1877,word	1
114,1799,learn	1
114,1799,page	1
114,1799,property	1
114,1799,wish	1
115,1842,field	1
115,1842,several	1
115,1842,thank	1
115,1842,wide	1
116,1857,approach	1
116,1857,health	1
116,1857,policy	1
116,1857,top	1
117,1786,act	1
117,1786,go	1
117,1786,technology	1
117,1786,think	1
117,1786,why	1
118,1724,federal	1
118,1724,half	1
118,1724,million	1
118,1724,quite	1
119,1703,answer	1
119,1703,detail	1
119,1703,parent	1
119,1703,public	1
12,1790,ball	1
12,1790,bit	1
12,1790,describe	1
12,1790,state	1
120,1764,along	1
120,1764,every	1
120,1764,machine	1
120,1764,space	1
121,1899,again	1
121,1899,certainly	1
121,1899,during	1
121,1899,rock	1
122,1731,might	1
122,1731,necessary	1
122,1731,offer	1
122,1731,sport	1
123,1772,case	1
123,1772,include	1
123,1772,office	1
123,1772,then	1
124,1837,address	1
124,1837,agent	1
124,1837,crime	1
124,1837,wear	1
125,1792,ahead	1
125,1792,just	1
125,1792,number	1
126,1837,drive	1
126,1837,off	1
126,1837,trip	1
127,1827,camera	1
127,1827,eye	1
127,1827,lead	1
127,1827,she	1
127,1827,they	1
128,1785,food	1
128,1785,politics	1
128,1785,pull	1
128,1785,writer	1
129,1844,also	1
129,1844,land	1
129,1844,position	1
129,1844,really	1
13,1801,film	1
13,1801,see	1
13,1801,some	1
130,1704,every	1
130,1704,later	1
130,1704,school	1
131,1751,case	1
131,1751,push	1
131,1751,thus	1
131,1751,we	1
132,1838,away	1
132,1838,central	1
132,1838,former	1
132,1838,week	1
133,1750,he	1
133,1750,or	1
133,1750,way	1
133,1750,western	1
134,1766,color	1
134,1766,other	1
134,1766,speech	1
134,1766,true	1
135,1798,beat	1
135,1798,face	1
135,1798,like	1
135,1798,live	1
136,1873,plant	1
136,1873,poor	1
136,1873,rock	1
136,1873,share	1
136,1873,street	1
137,1854,act	1
137,1854,agency	1
137,1854,city	1
137,1854,record	1
138,1792,century	1
138,1792,example	1
138,1792,high	1
138,1792,new	1
139,1743,area	1
139,1743,drug	1
139,1743,end	1
139,1743,i	1
139,1743,machine	1
139,1743,safe	1
14,1723,heart	1
14,1723,improve	1
14,1723,wrong	1
140,1813,although	1
140,1813,hour	1
140,1813,produce	1
140,1813,serve	1
141,1810,book	1
141,1810,group	1
141,1810,possible	1
141,1810,term	1
142,1742,marriage	1
142,1742,middle	1
142,1742,relate	1
143,1723,end	1
143,1723,remember	1
143,1723,so	1
143,1723,use	1
144,1735,candidate	1
144,1735,cup	1
144,1735,for	1
144,1735,war	1
144,1735,wrong	1
145,1894,agent	1
145,1894,energy	1
145,1894,mention	1
145,1894,outside	1
146,1755,peace	1
146,1755,player	1
146,1755,support	1
146,1755,which	1
147,1715,little	1
147,1715,method	1
147,1715,necessary	1
148,1895,ball	1
148,1895,probably	1
148,1895,reason	1
148,1895,soldier	1
149,1751,anyone	1
149,1751,down	1
149,1751,minute	1
149,1751,vote	1
15,1860,effort	1
15,1860,heart	1
15,1860,here	1
15,1860,reveal	1
150,1787,fly	1
150,1787,grow	1
150,1787,include	1
151,1845,fine	1
151,1845,happy	1
151,1845,out	1
151,1845,soon	1
152,1789,current	1
152,1789,final	1
152,1789,hot	1
152,1789,long	1
152,1789,pass	1
153,1885,enjoy	1
153,1885,million	1
153,1885,picture	1
153,1885,what	1
154,1706,billion	1
154,1706,hotel	1
154,1706,include	1
154,1706,try	1
155,1781,college	1
155,1781,debate	1
155,1781,strong	1
155,1781,tend	1
156,1717,company	1
156,1717,drop	1
156,1717,job	1
156,1717,like	1
157,1734,nor	1
157,1734,recent	1
157,1734,senior	1
157,1734,southern	1
158,1711,happen	1
158,1711,item	1
158,1711,thousand	1
158,1711,tonight	1
159,1885,allow	1
159,1885,field	1
159,1885,see	1
159,1885,sound	1
16,1739,cost	1
16,1739,minute	1
16,1739,sport	1
16,1739,tell	1
160,1821,quickly	1
160,1821,realize	1
160,1821,speak	1
160,1821,year	1
161,1793,among	1
161,1793,network	1
161,1793,somebody	1
161,1793,tough	1
162,1733,court	1
162,1733,decide	1
162,1733,edge	1
162,1733,turn	1
162,1733,way	1
163,1704,few	1
163,1704,guess	1
163,1704,hospital	1
163,1704,pay	1
164,1853,father	1
164,1853,if	1
164,1853,year	1
165,1781,ago	1
165,1781,final	1
165,1781,million	1
166,1854,fill	1
166,1854,kind	1
166,1854,suddenly	1
166,1854,truth	1
167,1844,down	1
167,1844,great	1
167,1844,piece	1
167,1844,politics	1
168,1899,law	1
168,1899,response	1
168,1899,true	1
168,1899,yard	1
169,1875,any	1
169,1875,issue	1
169,1875,just	1
169,1875,play	1
169,1875,put	1
17,1802,in	1
17,1802,often	1
17,1802,process	1
17,1802,shoulder	1
170,1868,able	1
170,1868,person	1
170,1868,water	1
171,1795,anyone	1
171,1795,care	1
171,1795,road	1
171,1795,suggest	1
172,1711,candidate	1
172,1711,of	1
172,1711,real	1
173,1896,door	1
173,1896,local	1
173,1896,pm	1
173,1896,will	1
174,1893,consider	1
174,1893,pattern	1
174,1893,truth	1
174,1893,we	1
175,1754,low	1
175,1754,position	1
175,1754,share	1
175,1754,size	1
176,1846,shake	2
176,1846,thought	1
177,1828,effort	1
177,1828,meeting	1
177,1828,memory	1
177,1828,player	1
178,1775,however	1
178,1775,paper	1
178,1775,then	1
178,1775,wall	1
179,1791,ahead	1
179,1791,be	1
179,1791,movement	1
179,1791,station	1
18,1868,service	1
18,1868,side	1
18,1868,tell	1
18,1868,within	1
180,1808,attorney	1
180,1808,level	1
180,1808,only	1
180,1808,reason	1
181,1765,also	1
181,1765,drop	1
181,1765,eight	1
181,1765,pretty	1
181,1765,think	1
182,1887,begin	1
182,1887,no	1
182,1887,they	1
182,1887,way	1
183,1790,citizen	1
183,1790,customer	1
183,1790,poor	1
183,1790,use	1
184,1774,alone	1
184,1774,discuss	1
184,1774,method	1
185,1803,all	1
185,1803,factor	1
185,1803,power	1
185,1803,right	1
186,1816,answer	1
186,1816,bar	1
186,1816,check	1
186,1816,key	1
186,1816,white	1
187,1723,ask	1
187,1723,key	1
187,1723,record	1
187,1723,star	1
187,1723,they	1
188,1757,conference	1
188,1757,own	1
188,1757,spend	1
189,1718,difficult	1
189,1718,prove	1
189,1718,travel	1
19,1807,better	1
19,1807,book	1
19,1807,movement	1
19,1807,support	1
190,1720,away	1
190,1720,the	1
190,1720,week	1
191,1708,focus	1
191,1708,make	1
191,1708,nature	1
191,1708,represent	1
192,1882,activity	1
192,1882,beat	1
192,1882,front	1
192,1882,reason	1
193,1793,drop	1
193,1793,hand	1
193,1793,program	1
193,1793,statement	1
194,1898,couple	1
194,1898,job	2
194,1898,popular	1
195,1716,especially	1
195,1716,gas	1
195,1716,health	1
195,1716,stop	1
196,1856,mr	1
196,1856,return	1
196,1856,through	1
196,1856,tough	1
196,1856,yet	1
197,1843,during	1
197,1843,nothing	1
197,1843,suggest	1
197,1843,visit	1
198,1843,factor	1
198,1843,management	1
198,1843,new	1
198,1843,skill	1
199,1737,accept	1
199,1737,how	1
199,1737,owner	1
2,1834,ever	1
2,1834,reality	1
2,1834,sense	1
20,1826,behavior	1
20,1826,in	1
20,1826,meet	1
20,1826,now	1
20,1826,save	1
200,1818,conference	1
200,1818,drug	1
200,1818,on	1
200,1818,pass	1
201,1701,anyone	1
201,1701,congress	1
201,1701,keep	1
201,1701,quite	1
202,1859,big	1
202,1859,kind	1
202,1859,professor	1
202,1859,say	1
203,1839,each	1
203,1839,friend	1
203,1839,make	1
203,1839,success	1
204,1865,fly	1
204,1865,level	1
204,1865,put	1
204,1865,skill	1
204,1865,time	1
205,1766,military	1
205,1766,than	1
205,1766,without	1
206,1827,government	1
206,1827,picture	1
206,1827,total	1
207,1815,cultural	1
207,1815,father	1
207,1815,office	1
207,1815,space	1
208,1702,hear	1
208,1702,know	1
208,1702,street	1
209,1762,couple	1
209,1762,must	1
209,1762,never	1
21,1881,central	1
21,1881,loss	1
21,1881,soon	1
210,1766,detail	1
210,1766,how	1
210,1766,some	1
210,1766,top	1
211,1807,answer	1
211,1807,especially	1
211,1807,low	1
211,1807,mean	1
212,1841,ago	1
212,1841,career	1
212,1841,identify	1
212,1841,push	1
213,1703,among	1
213,1703,must	1
213,1703,street	1
214,1761,better	1
214,1761,gas	1
214,1761,half	1
214,1761,have	1
214,1761,science	1
215,1832,everyone	1
215,1832,health	1
215,1832,lose	1
215,1832,natural	1
216,1831,before	1
216,1831,line	1
216,1831,room	1
216,1831,tough	1
217,1806,it	1
217,1806,member	1
217,1806,some	1
218,1865,big	1
218,1865,its	1
218,1865,mr	1
218,1865,southern	1
219,1853,debate	1
219,1853,explain	1
219,1853,stop	1
219,1853,word	1
22,1764,at	1
22,1764,away	1
22,1764,from	1
22,1764,hour	1
220,1881,career	1
220,1881,impact	1
220,1881,open	1
220,1881,past	1
221,1730,at	1
221,1730,practice	1
221,1730,return	1
221,1730,you	1
222,1799,child	1
222,1799,product	1
222,1799,step	1
223,1735,beat	1
223,1735,effort	1
223,1735,soldier	1
224,1710,eat	1
224,1710,low	1
224,1710,nation	1
224,1710,suffer	1
225,1810,apply	1
225,1810,cold	1
225,1810,hand	1
225,1810,trial	1
226,1779,forget	1
226,1779,history	1
226,1779,sea	1
226,1779,then	1
226,1779,with	1
227,1872,leave	1
227,1872,other	1
227,1872,owner	1
227,1872,summer	1
228,1787,draw	1
228,1787,miss	1
228,1787,pick	1
228,1787,possible	1
228,1787,song	1
229,1847,record	1
229,1847,school	1
229,1847,white	1
229,1847,you	1
23,1783,move	1
23,1783,policy	1
23,1783,special	1
23,1783,stock	1
230,1881,cell	1
230,1881,glass	1
230,1881,image	1
230,1881,major	1
231,1827,find	1
231,1827,he	1
231,1827,kid	1
231,1827,reality	1
232,1822,as	1
232,1822,crime	1
232,1822,man	1
233,1881,above	1
233,1881,rule	1
233,1881,staff	1
234,1816,attorney	1
234,1816,choose	1
234,1816,clear	1
234,1816,song	1
235,1789,book	1
235,1789,machine	1
235,1789,million	1
235,1789,upon	1
236,1728,admit	1
236,1728,almost	1
236,1728,conference	1
236,1728,if	1
237,1716,interesting	1
237,1716,material	1
237,1716,world	1
238,1812,particular	1
238,1812,rock	1
238,1812,three	1
238,1812,very	1
239,1713,datum	1
239,1713,imagine	1
239,1713,official	1
24,1831,attorney	1
24,1831,key	1
24,1831,recognize	1
24,1831,this	1
240,1835,allow	1
240,1835,church	1
240,1835,half	1
240,1835,statement	1
241,1822,allow	1
241,1822,area	1
241,1822,less	1
241,1822,myself	1
241,1822,store	1
242,1766,a	1
242,1766,cause	1
242,1766,good	1
242,1766,look	1
243,1760,able	1
243,1760,expect	1
243,1760,finish	1
243,1760,race	1
244,1854,attack	1
244,1854,before	1
244,1854,drop	1
244,1854,wear	1
245,1832,hear	1
245,1832,message	1
245,1832,pick	1
245,1832,someone	1
246,1836,bank	1
246,1836,cover	1
246,1836,institution	1
246,1836,road	1
247,1891,among	1
247,1891,forget	1
247,1891,movie	1
247,1891,radio	1
248,1741,account	1
248,1741,decade	1
248,1741,page	1
248,1741,study	1
249,1896,popular	1
249,1896,stop	1
249,1896,today	1
249,1896,visit	1
25,1803,all	1
25,1803,inside	1
25,1803,need	1
25,1803,thousand	1
250,1753,debate	1
250,1753,prove	1
250,1753,reason	1
250,1753,whether	1
251,1826,he	1
251,1826,seat	1
251,1826,suffer	1
251,1826,total	1
252,1865,in	1
252,1865,later	1
252,1865,nor	1
252,1865,response	1
252,1865,sign	1
253,1834,feeling	1
253,1834,network	1
253,1834,sometimes	1
254,1715,least	1
254,1715,likely	1
254,1715,sort	1
255,1708,arm	1
255,1708,push	1
255,1708,serve	1
256,1869,couple	1
256,1869,huge	1
256,1869,include	1
256,1869,on	1
257,1772,about	1
257,1772,key	1
257,1772,mention	1
257,1772,reason	1
258,1771,cost	1
258,1771,important	1
258,1771,save	1
258,1771,where	1
259,1825,read	1
259,1825,seek	1
259,1825,simple	1
259,1825,whose	1
26,1849,most	1
26,1849,peace	1
26,1849,sell	1
26,1849,very	1
260,1738,generation	1
260,1738,red	1
260,1738,toward	1
260,1738,why	1
261,1754,change	1
261,1754,player	1
261,1754,seven	1
261,1754,share	1
262,1720,I	1
262,1720,environmental	1
262,1720,feel	1
262,1720,memory	1
263,1840,modern	1
263,1840,or	1
263,1840,weight	1
264,1705,feeling	1
264,1705,most	1
264,1705,serve	1
264,1705,we	1
264,1705,with	1
265,1769,cold	1
265,1769,like	1
265,1769,truth	1
266,1707,easy	1
266,1707,many	1
266,1707,what	1
267,1725,behavior	1
267,1725,it	1
267,1725,of	1
267,1725,pay	1
268,1891,allow	1
268,1891,beyond	1
268,1891,state	1
268,1891,summer	1
269,1777,eight	1
269,1777,place	1
269,1777,simple	1
269,1777,weight	1
27,1835,represent	1
27,1835,whatever	1
27,1835,while	1
270,1726,also	1
270,1726,coach	1
270,1726,purpose	1
271,1725,especially	1
271,1725,fall	1
271,1725,learn	1
271,1725,right	1
272,1791,game	1
272,1791,involve	1
272,1791,year	1
273,1874,age	1
273,1874,air	1
273,1874,he	1
273,1874,late	1
273,1874,paper	1
274,1892,after	1
274,1892,last	1
274,1892,party	1
275,1788,fight	1
275,1788,general	1
275,1788,later	1
275,1788,prepare	1
276,1792,impact	1
276,1792,or	1
276,1792,time	1
277,1854,clear	1
277,1854,simple	1
277,1854,usually	1
277,1854,war	1
278,1719,measure	1
278,1719,quickly	1
278,1719,television	1
279,1796,believe	1
279,1796,street	1
279,1796,those	1
28,1839,above	1
28,1839,better	1
28,1839,former	1
28,1839,story	1
280,1881,foreign	1
280,1881,life	1
280,1881,recent	1
280,1881,thousand	1
281,1716,dark	1
281,1716,include	1
281,1716,these	1
281,1716,when	1
282,1754,film	1
282,1754,laugh	1
282,1754,live	1
282,1754,man	1
282,1754,matter	1
283,1833,film	1
283,1833,once	1
283,1833,thing	1
283,1833,worry	1
284,1761,compare	1
284,1761,dinner	1
284,1761,not	1
285,1735,fact	1
285,1735,forget	1
285,1735,provide	1
285,1735,strong	1
286,1862,and	1
286,1862,call	1
286,1862,chair	1
286,1862,yourself	1
287,1859,allow	1
287,1859,number	1
287,1859,trip	1
287,1859,well	1
288,1881,already	1
288,1881,daughter	1
288,1881,often	1
288,1881,scene	1
289,1783,another	1
289,1783,close	1
289,1783,help	1
289,1783,job	1
289,1783,room	1
29,1790,activity	1
29,1790,garden	1
29,1790,keep	1
29,1790,six	1
290,1736,fill	1
290,1736,long	1
290,1736,today	1
290,1736,would	1
291,1807,dog	1
291,1807,heart	1
291,1807,surface	1
291,1807,third	1
292,1898,end	1
292,1898,simple	1
292,1898,whom	1
293,1813,blood	1
293,1813,factor	1
293,1813,range	1
293,1813,wrong	1
294,1814,magazine	1
294,1814,region	1
294,1814,week	1
294,1814,whom	1
295,1829,free	1
295,1829,knowledge	1
295,1829,moment	1
295,1829,oil	1
296,1825,amount	1
296,1825,foot	1
296,1825,hear	1
296,1825,tax	1
297,1726,get	1
297,1726,hundred	1
297,1726,magazine	1
297,1726,owner	1
298,1799,bank	1
298,1799,certain	1
298,1799,police	1
298,1799,thing	1
299,1739,former	1
299,1739,indeed	1
299,1739,time	1
299,1739,treat	1
3,1862,field	1
3,1862,people	1
3,1862,pm	1
3,1862,we	1
30,1847,oil	1
30,1847,personal	1
30,1847,she	1
300,1807,light	1
300,1807,party	1
300,1807,should	1
300,1807,truth	1
301,1803,even	1
301,1803,few	1
301,1803,rise	1
302,1852,front	1
302,1852,it	1
302,1852,president	1
302,1852,situation	1
303,1707,happy	1
303,1707,reflect	1
303,1707,room	1
304,1748,glass	1
304,1748,not	1
304,1748,tend	1
304,1748,trip	1
304,1748,up	1
305,1877,budget	1
305,1877,form	1
305,1877,research	1
305,1877,third	1
306,1755,ever	1
306,1755,happy	1
306,1755,offer	1
306,1755,require	1
307,1873,dinner	1
307,1873,doctor	1
307,1873,east	1
307,1873,hundred	1
308,1865,affect	1
308,1865,foreign	1
308,1865,themselves	1
309,1754,eye	1
309,1754,morning	1
309,1754,star	1
31,1839,already	1
31,1839,natural	1
31,1839,rather	1
31,1839,wall	1
310,1749,kitchen	1
310,1749,position	1
310,1749,sell	1
310,1749,yet	1
311,1745,bear	1
311,1745,certain	1
311,1745,economic	1
311,1745,spend	1
312,1792,almost	1
312,1792,market	1
312,1792,upon	1
312,1792,work	1
313,1735,else	1
313,1735,hard	1
313,1735,special	1
314,1875,back	1
314,1875,can	1
314,1875,indicate	1
314,1875,stock	1
315,1832,able	1
315,1832,general	1
315,1832,may	1
316,1824,even	1
316,1824,offer	1
316,1824,reason	1
316,1824,view	1
317,1818,somebody	1
317,1818,wonder	1
317,1818,worker	1
318,1852,become	1
318,1852,region	1
318,1852,skin	1
318,1852,they	1
319,1763,plant	1
319,1763,sing	1
319,1763,thought	1
32,1807,billion	1
32,1807,call	1
32,1807,right	1
320,1727,heart	1
320,1727,response	1
320,1727,think	1
321,1792,get	1
321,1792,hour	1
321,1792,learn	1
321,1792,seek	1
321,1792,tend	1
322,1889,little	1
322,1889,television	1
322,1889,who	1
323,1889,couple	1
323,1889,or	1
323,1889,prepare	1
323,1889,same	1
323,1889,we	1
324,1799,fall	1
324,1799,ok	1
324,1799,sort	1
324,1799,teach	1
325,1840,base	1
325,1840,economic	1
325,1840,event	1
325,1840,here	1
326,1812,amount	1
326,1812,issue	1
326,1812,party	1
326,1812,sense	1
327,1899,behavior	1
327,1899,painting	1
327,1899,skill	1
328,1854,almost	1
328,1854,chair	1
328,1854,he	1
329,1820,boy	1
329,1820,hour	1
329,1820,more	1
329,1820,push	1
329,1820,skin	1
33,1875,could	1
33,1875,guy	1
33,1875,might	1
33,1875,race	1
330,1720,across	1
330,1720,life	1
330,1720,then	1
331,1807,area	1
331,1807,because	1
331,1807,great	1
331,1807,shoulder	1
332,1773,meet	1
332,1773,record	1
332,1773,spring	1
333,1820,choice	1
333,1820,exactly	1
333,1820,foreign	1
333,1820,kid	1
334,1893,actually	1
334,1893,its	1
334,1893,seem	1
335,1855,age	1
335,1855,remember	1
335,1855,truth	1
335,1855,work	1
336,1772,city	1
336,1772,hit	1
336,1772,mean	1
336,1772,really	1
337,1834,campaign	1
337,1834,hair	1
337,1834,this	1
337,1834,truth	1
338,1784,admit	1
338,1784,community	1
338,1784,decade	1
338,1784,yet	1
339,1860,back	1
339,1860,both	1
339,1860,involve	1
339,1860,sit	1
34,1780,address	1
34,1780,face	1
34,1780,idea	1
34,1780,one	1
34,1780,skin	1
340,1736,during	1
340,1736,outside	1
340,1736,the	1
340,1736,these	1
341,1775,organization	1
341,1775,perform	1
341,1775,whose	1
342,1771,ago	1
342,1771,friend	1
342,1771,i	1
342,1771,indeed	1
342,1771,memory	1
343,1896,past	1
343,1896,shake	1
343,1896,whom	1
344,1775,establish	1
344,1775,group	1
344,1775,style	1
345,1881,defense	1
345,1881,modern	1
345,1881,seven	1
345,1881,window	1
346,1879,approach	1
346,1879,rate	1
346,1879,still	1
346,1879,top	1
347,1702,large	1
347,1702,ok	1
347,1702,sea	1
347,1702,we	1
347,1702,woman	1
347,1702,wrong	1
348,1808,detail	1
348,1808,mean	1
348,1808,participant	1
349,1863,coach	1
349,1863,keep	1
349,1863,likely	1
35,1712,anyone	1
35,1712,certain	1
35,1712,follow	1
35,1712,take	1
350,1700,after	1
350,1700,end	1
350,1700,measure	1
350,1700,stand	1
351,1892,any	1
351,1892,race	1
351,1892,skill	1
351,1892,wall	1
352,1745,do	1
352,1745,fact	1
352,1745,this	1
353,1800,feel	1
353,1800,process	1
353,1800,under	1
353,1800,war	1
354,1867,cold	1
354,1867,fact	1
354,1867,free	1
354,1867,relationship	1
355,1883,business	1
355,1883,friend	1
355,1883,law	1
355,1883,write	1
356,1818,education	1
356,1818,reveal	1
356,1818,short	1
357,1895,environment	1
357,1895,mr	1
357,1895,page	1
358,1755,detail	1
358,1755,dream	1
358,1755,lawyer	1
358,1755,paper	1
359,1804,claim	1
359,1804,follow	1
359,1804,full	1
359,1804,serious	1
36,1737,firm	1
36,1737,great	1
36,1737,through	1
36,1737,trip	1
360,1824,however	1
360,1824,such	1
360,1824,there	1
361,1867,choose	1
361,1867,degree	1
361,1867,method	1
362,1726,happy	1
362,1726,region	1
362,1726,require	1
363,1871,adult	1
363,1871,third	1
363,1871,war	1
364,1720,experience	1
364,1720,huge	1
364,1720,room	1
364,1720,trade	1
365,1786,another	1
365,1786,fine	1
365,1786,side	1
366,1778,above	1
366,1778,best	1
366,1778,huge	1
366,1778,probably	1
367,1821,however	1
367,1821,statement	1
367,1821,still	1
367,1821,tend	1
368,1849,also	1
368,1849,cultural	1
368,1849,for	1
368,1849,full	1
368,1849,ten	1
369,1897,ahead	1
369,1897,listen	1
369,1897,stage	1
369,1897,support	1
37,1864,all	1
37,1864,campaign	1
37,1864,east	1
37,1864,green	1
37,1864,of	1
370,1728,beyond	1
370,1728,lay	1
370,1728,no	1
371,1844,cold	1
371,1844,no	1
371,1844,star	1
371,1844,use	1
371,1844,work	1
371,1844,would	1
372,1844,and	1
372,1844,city	1
372,1844,final	1
372,1844,where	1
373,1741,country	1
373,1741,key	1
373,1741,order	1
373,1741,we	1
374,1711,most	1
374,1711,point	1
374,1711,successful	1
375,1813,indicate	1
375,1813,leg	1
375,1813,perhaps	1
375,1813,soon	1
376,1760,agent	1
376,1760,concern	1
376,1760,today	1
376,1760,worry	1
377,1814,crime	1
377,1814,management	1
377,1814,many	1
378,1793,cut	1
378,1793,possible	1
378,1793,right	1
378,1793,scene	1
378,1793,up	1
379,1838,dream	1
379,1838,rest	1
379,1838,they	1
38,1771,beyond	1
38,1771,character	1
38,1771,fill	1
38,1771,where	1
380,1702,animal	1
380,1702,beat	1
380,1702,face	1
380,1702,foreign	1
381,1843,coach	1
381,1843,company	1
381,1843,rich	1
381,1843,writer	1
382,1850,four	1
382,1850,information	1
382,1850,shake	1
382,1850,so	1
383,1707,culture	1
383,1707,same	1
383,1707,theory	1
383,1707,time	1
384,1726,base	1
384,1726,glass	1
384,1726,go	1
384,1726,nor	1
385,1751,dog	1
385,1751,office	1
385,1751,they	1
386,1709,control	1
386,1709,health	1
386,1709,human	1
387,1776,and	1
387,1776,enter	1
387,1776,firm	1
387,1776,seem	1
388,1742,eight	1
388,1742,program	1
388,1742,west	1
388,1742,woman	1
389,1849,clear	1
389,1849,stand	1
389,1849,those	1
389,1849,whatever	1
39,1818,enough	1
39,1818,he	2
39,1818,thus	1
390,1850,cell	1
390,1850,fine	1
390,1850,indeed	1
390,1850,not	1
390,1850,thing	1
391,1813,much	1
391,1813,specific	1
391,1813,true	1
392,1793,growth	1
392,1793,magazine	1
392,1793,score	1
393,1713,key	1
393,1713,office	1
393,1713,partner	1
393,1713,room	1
394,1784,member	1
394,1784,often	1
394,1784,skill	1
395,1722,artist	1
395,1722,chair	1
395,1722,himself	1
395,1722,meeting	1
396,1761,management	1
396,1761,up	1
396,1761,win	1
396,1761,you	1
397,1885,admit	1
397,1885,cover	1
397,1885,onto	1
397,1885,word	1
398,1742,away	1
398,1742,difficult	1
398,1742,he	1
398,1742,however	1
399,1834,do	1
399,1834,feel	1
399,1834,model	1
399,1834,window	1
4,1822,bear	1
4,1822,debate	1
4,1822,main	1
4,1822,of	1
40,1794,cause	1
40,1794,course	1
40,1794,history	1
40,1794,process	1
400,1709,have	1
400,1709,reason	1
400,1709,tend	1
400,1709,view	1
400,1709,visit	1
401,1876,figure	1
401,1876,later	1
401,1876,point	1
401,1876,would	1
402,1818,drive	1
402,1818,exist	1
402,1818,of	1
403,1836,animal	1
403,1836,game	1
403,1836,he	1
403,1836,town	1
403,1836,we	1
404,1878,already	1
404,1878,the	1
404,1878,tv	1
404,1878,wonder	1
405,1747,federal	1
405,1747,must	1
405,1747,something	1
405,1747,there	1
406,1740,affect	1
406,1740,market	1
406,1740,must	1
406,1740,tree	1
406,1740,who	1
407,1747,break	1
407,1747,happen	1
407,1747,it	1
407,1747,study	1
408,1864,go	1
408,1864,phone	1
408,1864,sea	1
408,1864,shake	1
408,1864,wear	1
409,1776,be	1
409,1776,former	1
409,1776,return	1
409,1776,so	1
41,1799,building	1
41,1799,forget	1
41,1799,they	1
410,1783,attack	1
410,1783,because	1
410,1783,thank	1
410,1783,when	1
411,1758,car	1
411,1758,may	1
411,1758,media	1
411,1758,paper	1
412,1900,majority	1
412,1900,parent	1
412,1900,tonight	1
413,1893,kid	1
413,1893,less	1
413,1893,young	1
414,1709,individual	1
414,1709,provide	1
414,1709,south	1
415,1821,hand	1
415,1821,provide	1
415,1821,reach	1
415,1821,same	1
416,1896,agent	1
416,1896,cover	1
416,1896,least	1
416,1896,we	1
417,1863,activity	1
417,1863,citizen	1
417,1863,easy	1
417,1863,sort	1
418,1746,energy	1
418,1746,new	1
418,1746,page	1
418,1746,use	1
419,1864,able	1
419,1864,begin	1
419,1864,management	1
419,1864,point	1
42,1714,imagine	1
42,1714,none	1
42,1714,research	1
42,1714,still	1
420,1773,identify	1
420,1773,part	1
420,1773,she	1
420,1773,spring	1
421,1751,do	1
421,1751,identify	1
421,1751,serve	1
421,1751,society	1
422,1882,firm	1
422,1882,ok	1
422,1882,reflect	1
422,1882,stand	1
423,1788,close	1
423,1788,field	1
423,1788,focus	1
423,1788,month	1
423,1788,sure	1
424,1764,control	1
424,1764,member	1
424,1764,seven	1
425,1853,doctor	1
425,1853,gas	1
425,1853,particular	1
426,1853,from	1
426,1853,look	1
426,1853,movie	1
426,1853,upon	1
427,1718,despite	1
427,1718,information	1
427,1718,southern	1
428,1714,improve	1
428,1714,key	1
428,1714,receive	1
428,1714,tough	1
428,1714,we	1
429,1719,full	1
429,1719,local	1
429,1719,situation	1
429,1719,tell	1
43,1810,decision	1
43,1810,focus	1
43,1810,keep	1
430,1756,ground	1
430,1756,issue	1
430,1756,join	1
430,1756,late	1
430,1756,tend	1
431,1895,computer	1
431,1895,key	1
431,1895,relate	1
432,1842,affect	1
432,1842,form	1
432,1842,present	1
433,1720,approach	1
433,1720,compare	1
433,1720,peace	1
433,1720,rich	1
434,1892,deal	1
434,1892,development	1
434,1892,specific	1
435,1825,different	1
435,1825,enough	1
435,1825,main	1
435,1825,summer	1
436,1789,forward	1
436,1789,lead	1
436,1789,possible	1
436,1789,really	1
437,1887,bed	1
437,1887,rate	1
437,1887,reality	1
437,1887,we	1
438,1757,across	1
438,1757,civil	1
438,1757,include	1
438,1757,threat	1
439,1850,firm	1
439,1850,hotel	1
439,1850,least	1
439,1850,some	1
44,1743,hold	1
44,1743,serve	1
44,1743,show	1
44,1743,they	1
440,1703,at	1
440,1703,congress	1
440,1703,remember	1
441,1885,full	1
441,1885,race	1
441,1885,series	1
441,1885,young	1
442,1870,both	1
442,1870,exist	1
442,1870,item	1
442,1870,sign	1
442,1870,week	1
443,1861,central	1
443,1861,operation	1
443,1861,out	1
443,1861,smile	1
444,1762,body	1
444,1762,cold	1
444,1762,kind	1
444,1762,pass	1
444,1762,try	1
445,1735,ahead	1
445,1735,effort	1
445,1735,husband	1
445,1735,whole	1
446,1708,hit	1
446,1708,hot	1
446,1708,majority	1
446,1708,then	1
446,1708,top	1
447,1769,eight	1
447,1769,reduce	1
447,1769,town	1
447,1769,we	1
448,1855,forget	1
448,1855,increase	1
448,1855,year	1
449,1746,deep	1
449,1746,eye	1
449,1746,really	1
449,1746,stuff	1
45,1801,line	1
45,1801,part	1
45,1801,race	1
45,1801,state	1
45,1801,team	1
450,1838,above	1
450,1838,action	1
450,1838,direction	1
450,1838,space	1
451,1825,bed	1
451,1825,finish	1
451,1825,life	1
452,1852,he	1
452,1852,idea	1
452,1852,public	1
452,1852,speak	1
453,1846,ability	1
453,1846,can	1
453,1846,director	1
453,1846,effect	1
454,1787,despite	1
454,1787,edge	1
454,1787,middle	1
454,1787,morning	1
455,1861,growth	1
455,1861,major	1
455,1861,simple	1
456,1799,house	1
456,1799,method	1
456,1799,per	1
457,1712,eight	1
457,1712,enter	1
457,1712,throw	1
457,1712,use	1
458,1886,avoid	1
458,1886,include	1
458,1886,pattern	1
459,1783,dark	1
459,1783,move	1
459,1783,opportunity	1
459,1783,vote	1
46,1853,group	1
46,1853,loss	1
46,1853,marriage	1
46,1853,whatever	1
460,1752,enjoy	1
460,1752,hour	1
460,1752,quickly	1
460,1752,social	1
461,1776,fish	1
461,1776,for	1
461,1776,glass	1
461,1776,stop	1
462,1876,appear	1
462,1876,memory	1
462,1876,player	1
462,1876,region	1
463,1869,behavior	1
463,1869,door	1
463,1869,set	1
464,1708,paper	1
464,1708,past	1
464,1708,real	1
464,1708,year	1
465,1831,billion	1
465,1831,idea	1
465,1831,make	1
465,1831,size	1
465,1831,turn	1
466,1785,make	1
466,1785,official	1
466,1785,size	1
466,1785,street	1
467,1871,character	1
467,1871,interest	1
467,1871,old	1
467,1871,plant	1
468,1838,agent	1
468,1838,energy	1
468,1838,fire	1
468,1838,situation	1
469,1782,as	1
469,1782,face	1
469,1782,forget	1
469,1782,game	1
469,1782,pm	1
469,1782,tough	1
47,1853,fight	1
47,1853,follow	1
47,1853,piece	1
47,1853,soon	1
470,1776,church	1
470,1776,eight	1
470,1776,mouth	1
470,1776,unit	1
471,1880,account	1
471,1880,bad	1
471,1880,together	1
472,1779,black	1
472,1779,international	1
472,1779,street	1
473,1731,enjoy	1
473,1731,newspaper	1
473,1731,serve	1
473,1731,wish	1
474,1845,keep	1
474,1845,soldier	1
474,1845,treat	1
475,1766,baby	1
475,1766,be	1
475,1766,difficult	1
475,1766,so	1
475,1766,war	1
476,1754,clearly	1
476,1754,follow	1
476,1754,state	1
476,1754,to	1
477,1874,effort	1
477,1874,kind	1
477,1874,story	1
477,1874,teacher	1
478,1823,interview	1
478,1823,leg	1
478,1823,run	1
478,1823,writer	1
479,1794,address	1
479,1794,ago	1
479,1794,business	1
479,1794,same	1
48,1747,outside	1
48,1747,set	1
48,1747,trouble	1
480,1853,history	1
480,1853,message	1
480,1853,spend	1
480,1853,walk	1
481,1736,deep	1
481,1736,enough	1
481,1736,maybe	1
482,1820,apply	1
482,1820,baby	1
482,1820,hold	1
482,1820,point	1
483,1754,fund	1
483,1754,painting	1
483,1754,policy	1
484,1896,and	1
484,1896,at	1
484,1896,ground	1
484,1896,next	1
484,1896,society	1
485,1737,activity	1
485,1737,message	1
485,1737,perhaps	1
486,1722,bad	1
486,1722,center	1
486,1722,institution	1
486,1722,such	1
487,1751,cut	1
487,1751,fear	1
487,1751,leader	1
487,1751,sister	1
487,1751,world	1
488,1734,bag	1
488,1734,boy	1
488,1734,capital	1
488,1734,unit	1
488,1734,vote	1
489,1750,article	1
489,1750,avoid	1
489,1750,bad	1
489,1750,every	1
489,1750,red	1
49,1770,I	1
49,1770,decide	1
49,1770,program	1
49,1770,set	1
490,1852,couple	1
490,1852,gas	1
490,1852,mission	1
491,1834,concern	1
491,1834,decade	1
491,1834,drop	1
491,1834,three	1
492,1836,bit	1
492,1836,board	1
492,1836,by	1
492,1836,garden	1
493,1890,be	1
493,1890,between	1
493,1890,i	1
493,1890,office	1
493,1890,save	1
494,1800,garden	1
494,1800,itself	1
494,1800,north	1
495,1786,pattern	1
495,1786,start	1
495,1786,teacher	1
495,1786,think	1
496,1741,first	1
496,1741,see	1
496,1741,sense	1
496,1741,war	1
497,1778,control	1
497,1778,forward	1
497,1778,we	1
497,1778,whether	1
498,1857,building	1
498,1857,feel	1
498,1857,rich	1
498,1857,so	1
499,1828,art	1
499,1828,capital	1
499,1828,man	1
499,1828,walk	1
5,1834,investment	1
5,1834,report	1
5,1834,world	1
50,1729,go	1
50,1729,people	1
50,1729,player	1
50,1729,word	1
500,1809,cause	1
500,1809,impact	1
500,1809,its	1
500,1809,record	1
501,1895,finally	1
501,1895,time	1
501,1895,wall	1
502,1785,easy	1
502,1785,leave	1
502,1785,road	1
502,1785,than	1
503,1817,least	1
503,1817,reason	1
503,1817,scene	1
503,1817,sort	1
503,1817,sure	1
504,1702,change	1
504,1702,choose	1
504,1702,simple	1
504,1702,water	1
505,1760,although	1
505,1760,budget	1
505,1760,pick	1
505,1760,pm	1
506,1794,include	1
506,1794,land	1
506,1794,lot	1
506,1794,marriage	1
507,1872,exactly	1
507,1872,hold	1
507,1872,play	1
507,1872,red	1
507,1872,worker	1
508,1815,about	1
508,1815,ago	1
508,1815,small	1
508,1815,would	1
509,1896,bad	1
509,1896,fill	1
509,1896,man	1
509,1896,reality	1
51,1880,change	1
51,1880,laugh	1
51,1880,man	1
51,1880,scene	1
51,1880,tree	1
510,1862,box	1
510,1862,daughter	1
510,1862,edge	1
510,1862,point	1
511,1888,best	1
511,1888,really	1
511,1888,structure	1
511,1888,war	1
512,1871,century	1
512,1871,instead	1
512,1871,plan	1
513,1781,anyone	1
513,1781,even	1
513,1781,general	1
513,1781,work	1
514,1738,beautiful	1
514,1738,chance	1
514,1738,field	1
514,1738,nor	1
515,1865,act	1
515,1865,arrive	1
515,1865,none	1
516,1866,every	1
516,1866,gas	1
516,1866,goal	1
516,1866,into	1
517,1872,course	1
517,1872,full	1
517,1872,mean	1
517,1872,season	1
518,1839,do	1
518,1839,my	1
518,1839,note	1
518,1839,protect	1
518,1839,run	1
518,1839,well	1
519,1832,better	1
519,1832,citizen	1
519,1832,economic	1
519,1832,skin	1
52,1781,fast	1
52,1781,kid	1
52,1781,never	1
520,1840,great	1
520,1840,play	1
520,1840,wear	1
521,1738,beat	1
521,1738,minute	1
521,1738,shake	1
522,1890,control	1
522,1890,hard	1
522,1890,imagine	1
522,1890,sea	1
523,1748,full	1
523,1748,pick	1
523,1748,style	1
523,1748,television	1
524,1747,firm	1
524,1747,fund	2
524,1747,hair	1
525,1804,if	1
525,1804,may	2
525,1804,network	1
525,1804,power	1
526,1724,animal	1
526,1724,on	1
526,1724,west	1
527,1820,be	1
527,1820,high	1
527,1820,onto	1
527,1820,per	1
527,1820,teach	1
528,1826,long	1
528,1826,mother	1
528,1826,push	1
528,1826,statement	1
529,1874,in	1
529,1874,report	1
529,1874,send	1
53,1730,himself	1
53,1730,reason	1
53,1730,since	1
53,1730,value	1
530,1740,power	1
530,1740,result	1
530,1740,scientist	1
531,1706,race	1
531,1706,structure	1
531,1706,tax	1
532,1837,by	1
532,1837,go	1
532,1837,mission	1
532,1837,prepare	1
532,1837,stay	1
533,1740,economic	1
533,1740,good	1
533,1740,may	1
533,1740,newspaper	1
534,1799,actually	1
534,1799,he	1
534,1799,law	1
534,1799,party	1
534,1799,plan	1
535,1710,arrive	1
535,1710,laugh	1
535,1710,name	1
535,1710,trade	1
536,1804,activity	1
536,1804,check	1
536,1804,walk	1
536,1804,word	1
537,1737,list	1
537,1737,true	2
538,1759,pretty	1
538,1759,reduce	1
538,1759,wonder	1
539,1701,able	1
539,1701,area	1
539,1701,low	1
539,1701,natural	1
539,1701,nor	1
54,1780,interest	1
54,1780,meeting	1
54,1780,plan	1
54,1780,seek	1
540,1757,may	1
540,1757,own	1
540,1757,space	1
540,1757,we	1
541,1721,deep	1
541,1721,law	1
541,1721,page	1
541,1721,reveal	1
541,1721,what	1
542,1837,education	1
542,1837,girl	1
542,1837,leg	1
543,1772,enough	1
543,1772,expert	1
543,1772,tax	1
544,1767,be	1
544,1767,black	1
544,1767,find	1
544,1767,what	1
545,1747,cold	1
545,1747,collection	1
545,1747,gun	1
545,1747,news	1
546,1734,edge	1
546,1734,large	1
546,1734,together	1
547,1857,city	1
547,1857,fast	1
547,1857,sound	1
547,1857,whether	1
548,1874,fast	1
548,1874,fly	1
548,1874,great	1
548,1874,move	1
548,1874,west	1
548,1874,yet	1
549,1733,enough	1
549,1733,party	1
549,1733,soon	1
549,1733,style	1
55,1709,almost	1
55,1709,happen	1
55,1709,memory	1
550,1712,father	1
550,1712,get	1
550,1712,much	1
550,1712,quality	1
551,1819,front	1
551,1819,letter	1
551,1819,use	1
552,1882,authority	1
552,1882,behind	1
552,1882,force	1
552,1882,money	1
553,1885,feel	1
553,1885,perhaps	1
553,1885,son	1
553,1885,stuff	1
553,1885,why	1
554,1832,by	1
554,1832,mouth	1
554,1832,they	1
554,1832,thousand	1
555,1733,chair	1
555,1733,kind	1
555,1733,necessary	1
555,1733,vote	1
556,1766,chance	1
556,1766,else	1
556,1766,get	1
556,1766,lot	1
556,1766,push	1
557,1719,claim	1
557,1719,focus	1
557,1719,return	1
557,1719,structure	1
558,1759,anyone	1
558,1759,different	1
558,1759,other	1
558,1759,tax	1
559,1702,around	1
559,1702,market	1
559,1702,recent	1
56,1729,drug	1
56,1729,energy	1
56,1729,fear	1
56,1729,it	1
56,1729,nice	1
56,1729,sea	1
560,1727,way	1
560,1727,whom	1
560,1727,world	1
561,1829,former	1
561,1829,natural	1
561,1829,window	1
562,1727,beat	1
562,1727,become	1
562,1727,make	1
562,1727,should	1
563,1814,enter	1
563,1814,magazine	1
563,1814,they	1
564,1754,figure	1
564,1754,new	1
564,1754,produce	1
565,1882,ahead	1
565,1882,around	1
565,1882,pattern	1
566,1772,a	1
566,1772,buy	1
566,1772,player	1
566,1772,table	1
567,1840,in	1
567,1840,soldier	1
567,1840,someone	1
567,1840,team	1
568,1889,bill	1
568,1889,rate	1
568,1889,resource	1
568,1889,value	1
569,1763,by	1
569,1763,environment	1
569,1763,gun	1
569,1763,rate	1
569,1763,what	1
57,1819,ground	1
57,1819,receive	1
57,1819,stock	1
57,1819,window	1
570,1809,claim	1
570,1809,law	1
570,1809,number	1
570,1809,quite	1
571,1799,any	1
571,1799,head	1
571,1799,media	1
571,1799,team	1
572,1834,bill	1
572,1834,develop	1
572,1834,leg	1
573,1711,bank	1
573,1711,dog	1
573,1711,early	1
573,1711,own	1
574,1715,land	1
574,1715,much	1
574,1715,pm	1
574,1715,season	1
575,1786,few	1
575,1786,first	1
575,1786,plan	1
575,1786,pretty	1
575,1786,school	1
576,1780,develop	1
576,1780,garden	1
576,1780,low	1
576,1780,part	1
577,1812,able	1
577,1812,base	1
577,1812,land	1
577,1812,receive	1
578,1737,agreement	1
578,1737,example	1
578,1737,loss	1
578,1737,rest	1
579,1723,ahead	1
579,1723,power	1
579,1723,risk	1
579,1723,serious	1
579,1723,ten	1
58,1789,investment	1
58,1789,move	1
58,1789,public	1
58,1789,speak	1
580,1778,choice	1
580,1778,exist	1
580,1778,somebody	1
580,1778,spend	1
581,1774,ago	1
581,1774,country	1
581,1774,exactly	1
581,1774,quite	1
582,1740,dark	1
582,1740,keep	1
582,1740,move	1
582,1740,must	1
582,1740,six	1
583,1750,brother	1
583,1750,front	1
583,1750,lose	1
583,1750,social	1
584,1704,dream	1
584,1704,hour	1
584,1704,night	1
584,1704,trip	1
585,1855,bit	1
585,1855,buy	1
585,1855,history	1
585,1855,series	1
586,1835,be	1
586,1835,father	1
586,1835,good	1
586,1835,right	1
586,1835,she	1
587,1715,business	1
587,1715,west	1
587,1715,write	1
588,1805,feel	1
588,1805,goal	1
588,1805,major	1
588,1805,once	1
588,1805,reach	1
589,1900,blue	1
589,1900,current	1
589,1900,rate	1
59,1748,main	1
59,1748,people	1
59,1748,three	1
590,1777,approach	1
590,1777,loss	1
590,1777,offer	1
590,1777,whether	1
591,1719,child	1
591,1719,during	1
591,1719,official	1
591,1719,site	1
592,1816,already	1
592,1816,course	1
592,1816,skill	1
592,1816,stand	1
593,1812,guess	1
593,1812,laugh	1
593,1812,letter	1
593,1812,other	1
594,1824,become	1
594,1824,room	1
594,1824,science	1
595,1759,partner	1
595,1759,realize	1
595,1759,rise	1
595,1759,whether	1
596,1725,enter	1
596,1725,let	1
596,1725,nor	1
596,1725,score	1
596,1725,usually	1
597,1832,last	1
597,1832,school	1
597,1832,throughout	1
598,1882,beat	1
598,1882,first	1
598,1882,performance	1
598,1882,rule	1
599,1882,enjoy	1
599,1882,option	1
599,1882,then	1
599,1882,with	1
6,1715,avoid	1
6,1715,better	1
6,1715,mrs	1
6,1715,test	1
60,1869,base	1
60,1869,front	1
60,1869,role	1
60,1869,under	1
600,1872,face	1
600,1872,he	1
600,1872,herself	1
600,1872,mouth	1
600,1872,wife	1
601,1765,allow	1
601,1765,late	1
601,1765,senior	1
602,1745,base	1
602,1745,give	1
602,1745,manager	1
602,1745,write	1
603,1821,across	1
603,1821,buy	1
603,1821,card	1
603,1821,from	1
603,1821,power	1
604,1728,image	1
604,1728,relationship	1
604,1728,sing	1
605,1737,be	1
605,1737,by	1
605,1737,past	1
605,1737,too	1
606,1818,fill	1
606,1818,physical	1
606,1818,set	1
606,1818,situation	1
607,1871,act	1
607,1871,may	1
607,1871,miss	1
607,1871,prepare	1
607,1871,south	1
608,1733,film	1
608,1733,fish	1
608,1733,hard	1
608,1733,he	1
608,1733,much	1
609,1885,ask	1
609,1885,deal	1
609,1885,east	1
609,1885,wall	1
609,1885,west	1
61,1762,blue	1
61,1762,must	1
61,1762,newspaper	1
61,1762,protect	1
610,1795,course	1
610,1795,force	1
610,1795,method	1
610,1795,region	1
611,1755,everybody	1
611,1755,grow	1
611,1755,number	1
611,1755,open	1
612,1851,concern	1
612,1851,no	1
612,1851,usually	1
612,1851,west	1
613,1747,glass	1
613,1747,mission	1
613,1747,sell	1
614,1751,my	1
614,1751,those	1
614,1751,treatment	1
615,1784,participant	1
615,1784,perform	1
615,1784,tough	1
616,1863,black	1
616,1863,into	1
616,1863,seat	1
616,1863,various	1
616,1863,yet	1
617,1723,back	1
617,1723,bank	1
617,1723,economy	1
617,1723,know	1
618,1792,big	1
618,1792,magazine	1
618,1792,might	1
618,1792,prepare	1
619,1869,personal	1
619,1869,similar	1
619,1869,spend	1
619,1869,tv	1
62,1838,game	1
62,1838,seem	1
62,1838,talk	1
62,1838,those	1
62,1838,trade	1
620,1820,ability	1
620,1820,else	1
620,1820,hold	1
620,1820,major	1
621,1792,guess	1
621,1792,point	1
621,1792,stop	1
622,1804,about	1
622,1804,debate	1
622,1804,pick	1
622,1804,several	1
623,1747,every	1
623,1747,good	1
623,1747,police	1
623,1747,race	1
623,1747,song	1
624,1852,bed	1
624,1852,consider	1
624,1852,dream	1
624,1852,end	1
625,1727,go	1
625,1727,piece	1
625,1727,thing	1
626,1800,car	1
626,1800,front	1
626,1800,lead	1
626,1800,may	1
626,1800,take	1
626,1800,up	1
627,1825,move	1
627,1825,position	1
627,1825,protect	1
627,1825,quite	1
628,1878,form	1
628,1878,great	1
628,1878,here	1
629,1774,article	1
629,1774,central	1
629,1774,threat	1
63,1865,fire	1
63,1865,glass	1
63,1865,myself	1
63,1865,tell	1
63,1865,yet	1
630,1814,high	1
630,1814,list	1
630,1814,low	1
630,1814,support	1
630,1814,work	1
631,1701,people	1
631,1701,sound	1
631,1701,time	1
631,1701,water	1
632,1890,face	1
632,1890,physical	1
632,1890,population	1
633,1882,idea	1
633,1882,serve	1
633,1882,staff	1
634,1884,but	1
634,1884,clear	1
634,1884,itself	1
634,1884,worker	1
635,1876,foreign	1
635,1876,left	1
635,1876,street	1
635,1876,too	1
635,1876,wear	1
636,1874,interest	1
636,1874,it	1
636,1874,my	1
636,1874,pull	1
636,1874,report	1
637,1749,course	1
637,1749,know	1
637,1749,rather	1
637,1749,writer	1
638,1837,democratic	1
638,1837,send	1
638,1837,treatment	1
639,1864,all	1
639,1864,ground	1
639,1864,much	1
639,1864,night	1
639,1864,way	1
64,1819,cell	1
64,1819,return	1
64,1819,second	1
64,1819,whole	1
640,1771,involve	1
640,1771,operation	1
640,1771,such	1
641,1855,bed	1
641,1855,charge	1
641,1855,early	1
641,1855,movie	1
642,1870,blue	1
642,1870,congress	1
642,1870,enjoy	1
642,1870,parent	1
643,1827,community	1
643,1827,letter	1
643,1827,young	1
644,1790,grow	1
644,1790,mention	1
644,1790,thousand	1
645,1748,security	1
645,1748,stage	1
645,1748,wide	1
646,1735,audience	1
646,1735,board	1
646,1735,to	1
646,1735,worry	1
647,1733,beyond	1
647,1733,end	1
647,1733,growth	1
647,1733,indicate	1
648,1812,center	1
648,1812,finally	1
648,1812,long	1
648,1812,tell	1
649,1797,boy	1
649,1797,commercial	1
649,1797,magazine	1
649,1797,pass	1
65,1786,message	1
65,1786,national	1
65,1786,several	1
650,1863,early	1
650,1863,eight	1
650,1863,kid	1
650,1863,none	1
650,1863,pretty	1
651,1720,agree	1
651,1720,campaign	1
651,1720,doctor	1
651,1720,star	1
652,1756,development	1
652,1756,whether	1
652,1756,word	1
653,1706,age	1
653,1706,note	1
653,1706,stuff	1
653,1706,support	1
654,1799,husband	1
654,1799,nice	1
654,1799,prepare	1
654,1799,why	1
655,1702,bear	1
655,1702,son	1
655,1702,this	1
655,1702,very	1
655,1702,yet	1
656,1705,ahead	1
656,1705,beat	1
656,1705,enough	1
656,1705,not	1
656,1705,sure	1
657,1772,beyond	1
657,1772,material	1
657,1772,move	1
657,1772,sea	1
658,1726,among	1
658,1726,exactly	1
658,1726,sign	1
659,1829,ever	1
659,1829,reality	1
659,1829,soon	1
66,1735,baby	1
66,1735,daughter	1
66,1735,likely	1
66,1735,real	1
660,1884,chair	1
660,1884,paper	1
660,1884,part	1
660,1884,seem	1
661,1728,certainly	1
661,1728,generation	1
661,1728,worry	1
662,1767,add	1
662,1767,democratic	1
662,1767,he	1
662,1767,series	1
662,1767,yes	1
663,1770,high	1
663,1770,just	1
663,1770,magazine	1
664,1782,and	1
664,1782,draw	1
664,1782,live	1
664,1782,trade	1
664,1782,true	1
665,1827,both	1
665,1827,hotel	1
665,1827,mind	1
665,1827,since	1
665,1827,water	1
666,1844,back	1
666,1844,billion	1
666,1844,seem	1
666,1844,they	1
667,1801,remain	1
667,1801,second	1
667,1801,serious	1
668,1705,fire	1
668,1705,month	1
668,1705,race	1
668,1705,rock	1
669,1737,bring	1
669,1737,good	1
669,1737,material	1
669,1737,or	1
669,1737,style	1
67,1779,agree	1
67,1779,be	1
67,1779,partner	1
67,1779,sea	1
67,1779,summer	1
670,1848,they	1
670,1848,to	1
670,1848,understand	1
671,1847,much	1
671,1847,name	1
671,1847,often	1
671,1847,perform	1
671,1847,put	1
672,1789,affect	1
672,1789,bag	1
672,1789,purpose	1
672,1789,red	1
672,1789,small	1
673,1783,child	1
673,1783,even	1
673,1783,worry	1
674,1740,cause	1
674,1740,interest	1
674,1740,the	1
674,1740,wish	1
675,1706,leader	1
675,1706,smile	1
675,1706,they	1
675,1706,try	1
676,1713,across	1
676,1713,dark	1
676,1713,stop	1
677,1837,act	1
677,1837,job	1
677,1837,public	1
677,1837,whatever	1
678,1822,art	1
678,1822,way	1
678,1822,well	1
679,1783,camera	1
679,1783,take	1
679,1783,whose	1
68,1795,bill	1
68,1795,reason	1
68,1795,they	1
680,1862,amount	1
680,1862,available	1
680,1862,raise	1
680,1862,role	1
681,1827,boy	1
681,1827,center	1
681,1827,hotel	1
681,1827,whatever	1
682,1813,exactly	1
682,1813,over	1
682,1813,policy	1
683,1822,big	1
683,1822,much	1
683,1822,such	1
684,1834,agency	1
684,1834,family	1
684,1834,thing	1
685,1873,among	1
685,1873,best	1
685,1873,month	1
685,1873,same	1
686,1762,audience	1
686,1762,full	1
686,1762,red	1
686,1762,the	1
687,1872,last	1
687,1872,occur	1
687,1872,spring	1
687,1872,standard	1
688,1700,between	1
688,1700,send	1
688,1700,there	1
688,1700,we	1
689,1789,matter	1
689,1789,reality	1
689,1789,red	1
69,1769,business	1
69,1769,involve	1
69,1769,upon	1
690,1716,break	1
690,1716,daughter	1
690,1716,take	1
690,1716,they	1
691,1814,base	1
691,1814,close	1
691,1814,owner	1
691,1814,wait	1
692,1802,professional	1
692,1802,remember	1
692,1802,though	1
693,1757,administration	1
693,1757,board	1
693,1757,yes	1
694,1852,behavior	1
694,1852,language	1
694,1852,off	1
695,1715,in	1
695,1715,instead	1
695,1715,leader	1
695,1715,meet	1
696,1809,common	1
696,1809,sell	1
696,1809,unit	1
696,1809,way	1
697,1778,receive	1
697,1778,still	1
697,1778,whole	1
697,1778,woman	1
698,1820,adult	1
698,1820,agency	1
698,1820,company	1
698,1820,in	1
698,1820,vote	1
699,1801,bag	1
699,1801,better	1
699,1801,choice	1
699,1801,eye	1
7,1705,late	1
7,1705,most	1
7,1705,personal	1
7,1705,wrong	1
70,1778,cold	1
70,1778,gas	1
70,1778,sister	1
70,1778,structure	1
700,1777,evening	1
700,1777,herself	1
700,1777,take	1
700,1777,young	1
701,1828,how	1
701,1828,industry	1
701,1828,read	1
702,1717,center	1
702,1717,door	1
702,1717,stock	1
703,1844,beautiful	1
703,1844,gas	1
703,1844,success	1
703,1844,young	1
704,1838,market	1
704,1838,reason	1
704,1838,value	1
705,1742,nice	1
705,1742,skill	2
705,1742,speech	1
706,1807,bring	1
706,1807,even	1
706,1807,someone	1
706,1807,when	1
707,1760,citizen	1
707,1760,few	1
707,1760,paper	1
707,1760,republican	1
708,1749,available	1
708,1749,message	1
708,1749,thing	1
708,1749,yet	1
709,1871,cut	1
709,1871,explain	1
709,1871,five	1
709,1871,least	1
709,1871,truth	1
71,1716,project	1
71,1716,recently	1
71,1716,theory	1
710,1781,blue	1
710,1781,hope	1
710,1781,too	1
711,1849,baby	1
711,1849,nice	1
711,1849,republican	1
712,1827,different	1
712,1827,huge	1
712,1827,than	1
712,1827,where	1
713,1858,be	1
713,1858,here	1
713,1858,order	1
713,1858,place	1
713,1858,yard	1
714,1800,bring	1
714,1800,dog	1
714,1800,name	1
714,1800,particularly	1
715,1826,evening	1
715,1826,long	1
715,1826,protect	1
715,1826,quality	1
716,1899,have	1
716,1899,other	1
716,1899,same	1
716,1899,wall	1
717,1761,small	1
717,1761,you	2
718,1753,consumer	1
718,1753,fear	1
718,1753,rich	1
718,1753,son	1
719,1876,brother	1
719,1876,city	1
719,1876,coach	1
719,1876,lay	1
72,1733,however	1
72,1733,interest	1
72,1733,order	1
72,1733,smile	1
720,1870,choose	1
720,1870,finally	1
720,1870,person	1
720,1870,top	1
721,1730,debate	1
721,1730,green	1
721,1730,my	1
721,1730,name	1
721,1730,smile	1
722,1828,ahead	1
722,1828,else	1
722,1828,he	1
722,1828,lose	1
723,1831,carry	1
723,1831,cause	1
723,1831,else	1
723,1831,he	1
723,1831,in	1
723,1831,news	1
724,1749,close	1
724,1749,stop	1
724,1749,woman	1
724,1749,yeah	1
725,1731,game	1
725,1731,participant	1
725,1731,time	1
725,1731,we	1
726,1830,beat	1
726,1830,describe	1
726,1830,minute	1
726,1830,such	1
726,1830,up	1
727,1774,bank	1
727,1774,blood	1
727,1774,some	1
727,1774,think	1
728,1764,guy	1
728,1764,material	1
728,1764,success	1
728,1764,thing	1
729,1837,ago	1
729,1837,fact	1
729,1837,notice	1
729,1837,off	1
73,1854,bill	1
73,1854,design	1
73,1854,then	1
73,1854,win	1
730,1751,business	1
730,1751,statement	1
730,1751,window	1
731,1776,eat	1
731,1776,else	1
731,1776,population	1
731,1776,property	1
732,1755,always	1
732,1755,herself	1
732,1755,pay	1
732,1755,seek	1
733,1897,ever	1
733,1897,help	1
733,1897,hope	1
733,1897,other	1
734,1824,coach	1
734,1824,mission	1
734,1824,side	1
735,1757,future	1
735,1757,huge	1
735,1757,wall	1
736,1741,all	1
736,1741,morning	1
736,1741,treat	1
736,1741,west	1
737,1802,alone	1
737,1802,listen	1
737,1802,month	1
737,1802,pay	1
738,1761,admit	1
738,1761,message	1
738,1761,seat	2
739,1766,get	1
739,1766,mission	1
739,1766,wall	1
74,1774,discussion	1
74,1774,human	1
74,1774,standard	1
740,1876,behavior	1
740,1876,force	1
740,1876,point	1
741,1883,admit	1
741,1883,at	1
741,1883,catch	1
741,1883,perform	1
742,1791,body	1
742,1791,member	1
742,1791,rise	1
743,1724,argue	1
743,1724,carry	1
743,1724,message	1
743,1724,tax	1
744,1744,arm	1
744,1744,follow	1
744,1744,ok	1
744,1744,toward	1
745,1726,last	1
745,1726,space	1
745,1726,step	1
745,1726,thousand	1
746,1844,kitchen	1
746,1844,prevent	1
746,1844,true	1
747,1805,black	1
747,1805,into	1
747,1805,it	1
747,1805,perhaps	1
748,1709,can	1
748,1709,member	1
748,1709,money	1
748,1709,note	1
749,1808,clear	1
749,1808,professional	1
749,1808,read	1
749,1808,upon	1
75,1871,claim	1
75,1871,find	1
75,1871,six	1
75,1871,take	1
750,1896,church	1
750,1896,create	1
750,1896,focus	1
750,1896,lot	1
750,1896,mr	1
751,1710,again	1
751,1710,i	1
751,1710,key	1
751,1710,kid	1
751,1710,who	1
751,1710,you	1
752,1761,agency	1
752,1761,paper	1
752,1761,say	1
752,1761,show	1
753,1824,away	1
753,1824,lose	1
753,1824,republican	1
753,1824,whose	1
754,1889,center	1
754,1889,item	1
754,1889,modern	1
754,1889,test	1
755,1841,base	1
755,1841,east	1
755,1841,news	1
756,1824,draw	1
756,1824,figure	1
756,1824,fly	1
756,1824,project	1
757,1875,church	1
757,1875,hour	1
757,1875,school	1
757,1875,yard	1
758,1721,any	1
758,1721,long	1
758,1721,might	1
758,1721,speak	1
759,1806,cell	1
759,1806,finish	1
759,1806,rule	1
76,1793,a	1
76,1793,detail	1
76,1793,hour	1
76,1793,partner	1
76,1793,work	1
760,1713,each	1
760,1713,offer	1
760,1713,play	1
761,1852,baby	1
761,1852,billion	1
761,1852,control	1
762,1746,add	1
762,1746,home	1
762,1746,professor	1
762,1746,prove	1
763,1860,eye	1
763,1860,rise	1
763,1860,rock	1
763,1860,type	1
764,1753,begin	1
764,1753,listen	1
764,1753,long	1
764,1753,tree	1
765,1832,herself	1
765,1832,music	1
765,1832,sing	1
765,1832,turn	1
766,1724,father	1
766,1724,paper	1
766,1724,pm	1
767,1873,attack	1
767,1873,someone	1
767,1873,wonder	1
768,1831,beyond	1
768,1831,how	1
768,1831,involve	1
768,1831,second	1
769,1835,food	1
769,1835,media	1
769,1835,most	1
769,1835,turn	1
77,1704,authority	1
77,1704,item	1
77,1704,later	1
77,1704,rule	1
770,1779,about	1
770,1779,become	1
770,1779,heavy	1
770,1779,late	1
771,1734,company	1
771,1734,create	1
771,1734,exactly	1
772,1781,continue	1
772,1781,detail	1
772,1781,road	1
772,1781,tonight	1
773,1871,ago	1
773,1871,news	1
773,1871,purpose	1
773,1871,wrong	1
774,1769,establish	1
774,1769,play	1
774,1769,she	1
775,1836,cut	1
775,1836,nor	1
775,1836,pick	1
776,1827,serve	1
776,1827,sing	1
776,1827,under	1
776,1827,yet	1
777,1862,give	1
777,1862,physical	1
777,1862,property	1
777,1862,wall	1
778,1763,consumer	1
778,1763,discuss	1
778,1763,minute	1
779,1898,idea	1
779,1898,may	1
779,1898,no	1
779,1898,party	1
779,1898,prove	1
779,1898,sign	1
78,1831,big	1
78,1831,by	1
78,1831,present	1
78,1831,three	1
780,1850,drug	1
780,1850,plant	1
780,1850,ten	1
781,1752,board	1
781,1752,box	1
781,1752,near	1
781,1752,worry	1
782,1805,class	1
782,1805,government	1
782,1805,idea	1
782,1805,say	1
783,1866,baby	1
783,1866,early	1
783,1866,poor	1
783,1866,security	1
783,1866,we	1
784,1723,know	1
784,1723,leg	1
784,1723,stop	1
784,1723,upon	1
785,1889,beat	1
785,1889,father	1
785,1889,husband	1
785,1889,mouth	1
786,1765,break	1
786,1765,degree	1
786,1765,reach	1
787,1894,leg	1
787,1894,mr	1
787,1894,quickly	1
787,1894,service	1
788,1721,also	1
788,1721,control	1
788,1721,follow	1
788,1721,shoulder	1
789,1731,key	1
789,1731,produce	1
789,1731,special	1
789,1731,stage	1
79,1782,catch	1
79,1782,discussion	1
79,1782,read	1
79,1782,sign	1
790,1899,close	1
790,1899,still	1
790,1899,whole	1
791,1785,its	1
791,1785,run	1
791,1785,support	1
791,1785,than	1
792,1745,reason	1
792,1745,suddenly	1
792,1745,time	1
792,1745,way	1
793,1757,because	1
793,1757,listen	1
793,1757,movie	1
793,1757,single	1
794,1895,collection	1
794,1895,drop	1
794,1895,film	1
794,1895,note	1
795,1710,appear	1
795,1710,child	1
795,1710,none	1
796,1872,itself	1
796,1872,player	1
796,1872,two	1
797,1833,also	1
797,1833,artist	1
797,1833,food	1
798,1782,across	1
798,1782,either	1
798,1782,together	1
799,1750,company	1
799,1750,former	1
799,1750,least	1
799,1750,much	1
8,1779,as	1
8,1779,impact	1
8,1779,into	1
8,1779,million	1
80,1812,artist	1
80,1812,cut	1
80,1812,himself	1
80,1812,remember	1
800,1701,source	1
800,1701,suddenly	1
800,1701,talk	1
800,1701,visit	1
801,1877,another	1
801,1877,employee	1
801,1877,set	1
801,1877,young	1
802,1807,adult	1
802,1807,any	1
802,1807,focus	1
802,1807,off	1
803,1814,little	1
803,1814,memory	1
803,1814,month	1
803,1814,protect	1
804,1808,early	1
804,1808,fish	1
804,1808,image	1
804,1808,not	1
804,1808,stage	1
805,1884,attention	1
805,1884,quite	1
805,1884,rest	1
805,1884,such	1
806,1745,although	1
806,1745,energy	1
806,1745,style	1
807,1856,development	1
807,1856,item	1
807,1856,performance	1
808,1801,central	1
808,1801,charge	1
808,1801,might	1
808,1801,what	1
809,1851,artist	1
809,1851,series	1
809,1851,than	1
809,1851,thus	1
81,1831,agency	1
81,1831,media	1
81,1831,similar	1
810,1886,gas	1
810,1886,strong	1
810,1886,week	1
811,1737,other	1
811,1737,performance	1
811,1737,soldier	1
812,1751,detail	1
812,1751,green	1
812,1751,it	1
812,1751,lead	1
813,1735,easy	1
813,1735,piece	1
813,1735,protect	1
813,1735,thought	1
814,1750,draw	1
814,1750,dream	1
814,1750,during	1
814,1750,night	1
814,1750,wait	1
815,1867,buy	1
815,1867,catch	1
815,1867,improve	1
815,1867,month	1
816,1778,how	1
816,1778,other	1
816,1778,politics	1
816,1778,two	1
816,1778,win	1
817,1816,least	1
817,1816,so	1
817,1816,start	1
817,1816,wife	1
818,1704,air	1
818,1704,baby	1
818,1704,evening	1
818,1704,low	1
819,1708,away	1
819,1708,see	1
819,1708,would	1
82,1744,accept	1
82,1744,girl	1
82,1744,member	1
82,1744,pressure	1
820,1725,air	1
820,1725,recent	1
820,1725,time	1
821,1832,be	1
821,1832,goal	1
821,1832,here	1
821,1832,politics	1
822,1833,key	1
822,1833,pretty	1
822,1833,say	1
823,1841,home	1
823,1841,owner	1
823,1841,tax	1
823,1841,we	1
823,1841,which	1
824,1766,become	1
824,1766,daughter	1
824,1766,even	1
825,1765,physical	1
825,1765,threat	1
825,1765,tough	1
825,1765,yard	1
826,1785,professional	1
826,1785,social	1
826,1785,travel	1
827,1845,argue	1
827,1845,everything	1
827,1845,over	1
828,1705,hear	1
828,1705,meet	1
828,1705,run	1
828,1705,single	1
829,1858,act	1
829,1858,include	1
829,1858,magazine	1
829,1858,win	1
83,1792,fall	1
83,1792,fill	1
83,1792,speak	1
83,1792,store	1
830,1861,begin	1
830,1861,else	1
830,1861,grow	1
830,1861,half	1
830,1861,instead	1
831,1897,card	1
831,1897,evidence	1
831,1897,off	1
831,1897,often	1
832,1720,near	1
832,1720,stock	1
832,1720,there	1
832,1720,wide	1
833,1747,bag	1
833,1747,town	1
833,1747,unit	1
834,1823,bit	1
834,1823,brother	1
834,1823,over	1
834,1823,parent	1
834,1823,whom	1
835,1885,assume	1
835,1885,forget	1
835,1885,gun	1
835,1885,market	1
836,1843,building	1
836,1843,sport	1
836,1843,turn	1
837,1717,buy	1
837,1717,meet	1
837,1717,ok	1
837,1717,recognize	1
838,1834,already	1
838,1834,area	1
838,1834,open	1
838,1834,wind	1
839,1738,cell	1
839,1738,suffer	1
839,1738,teach	1
839,1738,teacher	1
84,1808,body	1
84,1808,growth	1
84,1808,hear	1
84,1808,reveal	1
84,1808,skin	1
840,1732,because	1
840,1732,look	1
840,1732,she	1
840,1732,sport	1
841,1862,act	1
841,1862,ball	1
841,1862,doctor	1
842,1786,foot	1
842,1786,offer	1
842,1786,price	1
843,1717,card	1
843,1717,down	1
843,1717,stop	1
843,1717,what	1
843,1717,wonder	1
844,1874,course	1
844,1874,do	1
844,1874,help	1
844,1874,produce	1
845,1777,draw	1
845,1777,hand	1
845,1777,key	1
845,1777,there	1
845,1777,tough	1
846,1801,agreement	1
846,1801,chair	1
846,1801,degree	1
846,1801,teach	1
847,1769,few	1
847,1769,major	1
847,1769,small	1
848,1874,cultural	1
848,1874,drug	1
848,1874,end	1
848,1874,little	1
849,1748,able	1
849,1748,on	1
849,1748,other	1
849,1748,room	1
85,1802,happy	1
85,1802,hospital	1
85,1802,only	1
85,1802,way	1
850,1825,above	1
850,1825,eat	1
850,1825,natural	1
850,1825,prove	1
851,1824,news	1
851,1824,recent	1
851,1824,say	1
852,1877,ask	1
852,1877,finally	1
852,1877,perform	1
852,1877,right	1
853,1844,cut	1
853,1844,fish	1
853,1844,trial	1
853,1844,trip	1
854,1741,build	1
854,1741,occur	1
854,1741,read	1
854,1741,there	1
855,1892,minute	1
855,1892,site	1
855,1892,sure	1
855,1892,throughout	1
856,1713,action	1
856,1713,foot	1
856,1713,magazine	1
856,1713,place	1
857,1749,case	1
857,1749,issue	1
857,1749,present	1
857,1749,throw	1
858,1814,foot	1
858,1814,more	1
858,1814,respond	1
858,1814,she	1
859,1844,another	1
859,1844,describe	1
859,1844,table	1
859,1844,time	1
86,1792,clear	1
86,1792,crime	1
86,1792,near	1
86,1792,southern	1
860,1852,kind	1
860,1852,teach	1
860,1852,themselves	1
860,1852,wait	1
861,1737,for	1
861,1737,happy	1
861,1737,pay	1
861,1737,without	1
862,1843,begin	1
862,1843,between	1
862,1843,door	1
862,1843,safe	1
863,1848,include	1
863,1848,peace	1
863,1848,white	1
864,1777,heavy	1
864,1777,magazine	1
864,1777,new	1
864,1777,police	1
865,1862,american	1
865,1862,can	1
865,1862,future	1
865,1862,hotel	1
866,1719,amount	1
866,1719,bad	1
866,1719,nothing	1
867,1845,campaign	1
867,1845,left	1
867,1845,might	1
868,1770,piece	1
868,1770,rock	1
868,1770,skill	1
868,1770,window	1
869,1709,ago	1
869,1709,hear	1
869,1709,she	1
869,1709,then	1
87,1727,effect	1
87,1727,option	1
87,1727,practice	1
87,1727,town	1
870,1881,doctor	1
870,1881,range	1
870,1881,sell	1
870,1881,weight	1
871,1741,amount	1
871,1741,friend	1
871,1741,leader	1
872,1862,create	1
872,1862,little	1
872,1862,race	1
872,1862,wear	1
873,1734,effort	1
873,1734,however	1
873,1734,what	1
873,1734,writer	1
874,1712,care	1
874,1712,career	1
874,1712,go	1
874,1712,suggest	1
875,1746,part	1
875,1746,show	1
875,1746,trial	1
876,1748,a	1
876,1748,box	1
876,1748,happen	1
876,1748,live	1
877,1892,fly	1
877,1892,garden	1
877,1892,speak	1
877,1892,who	1
878,1763,agent	1
878,1763,budget	1
878,1763,every	1
878,1763,right	1
879,1819,choose	1
879,1819,control	1
879,1819,task	1
88,1795,anything	1
88,1795,attack	1
88,1795,dog	1
88,1795,upon	1
88,1795,who	1
880,1900,color	1
880,1900,hotel	1
880,1900,small	1
880,1900,than	1
881,1893,action	1
881,1893,laugh	1
881,1893,popular	1
881,1893,watch	1
882,1701,executive	1
882,1701,hotel	1
882,1701,safe	1
882,1701,when	1
883,1846,my	1
883,1846,outside	1
883,1846,skin	1
883,1846,stuff	1
883,1846,table	1
884,1744,against	1
884,1744,line	1
884,1744,radio	1
884,1744,scene	1
885,1893,act	1
885,1893,adult	1
885,1893,away	1
885,1893,southern	1
886,1798,direction	1
886,1798,event	1
886,1798,probably	1
886,1798,ten	1
887,1900,about	1
887,1900,name	1
887,1900,no	1
887,1900,pick	1
887,1900,think	1
887,1900,who	1
888,1844,front	1
888,1844,radio	1
888,1844,they	1
888,1844,too	1
889,1709,affect	1
889,1709,event	1
889,1709,let	1
889,1709,we	1
89,1804,support	1
89,1804,take	1
89,1804,travel	1
89,1804,we	1
890,1875,continue	1
890,1875,few	1
890,1875,miss	1
890,1875,score	1
891,1763,bear	1
891,1763,dog	1
891,1763,hear	1
891,1763,light	1
892,1772,eye	1
892,1772,mr	1
892,1772,no	1
892,1772,wish	1
893,1755,beat	1
893,1755,great	1
893,1755,standard	1
893,1755,they	1
894,1751,like	1
894,1751,make	1
894,1751,prove	1
894,1751,three	1
895,1708,can	1
895,1708,first	1
895,1708,front	1
895,1708,top	1
896,1824,day	1
896,1824,give	1
896,1824,hour	1
896,1824,on	1
897,1731,cell	1
897,1731,decade	1
897,1731,defense	1
897,1731,local	1
898,1812,before	1
898,1812,out	1
898,1812,part	1
898,1812,whether	1
899,1846,ahead	1
899,1846,loss	1
899,1846,medical	1
899,1846,one	1
899,1846,skin	1
9,1822,ask	1
9,1822,capital	1
9,1822,moment	1
9,1822,picture	1
90,1834,idea	1
90,1834,music	1
90,1834,two	1
90,1834,yeah	1
900,1812,fine	1
900,1812,nice	1
900,1812,wear	1
901,1783,action	1
901,1783,few	1
901,1783,would	1
902,1819,carry	1
902,1819,nature	1
902,1819,speech	1
903,1747,cold	1
903,1747,pick	1
903,1747,these	1
903,1747,yet	1
904,1896,bar	1
904,1896,citizen	1
904,1896,fact	1
904,1896,tv	1
905,1784,toward	1
905,1784,way	1
905,1784,yet	1
906,1733,middle	1
906,1733,section	1
906,1733,store	1
907,1882,price	1
907,1882,quality	1
907,1882,rise	1
907,1882,table	1
908,1897,amount	1
908,1897,indeed	1
908,1897,skin	1
908,1897,soldier	1
909,1818,civil	1
909,1818,dinner	1
909,1818,itself	1
909,1818,mean	1
91,1838,center	1
91,1838,certainly	1
91,1838,finish	1
910,1883,its	1
910,1883,whom	1
910,1883,without	1
910,1883,woman	1
911,1882,group	1
911,1882,he	1
911,1882,thing	1
912,1841,economic	1
912,1841,its	1
912,1841,truth	1
913,1766,fund	1
913,1766,like	1
913,1766,owner	1
913,1766,that	1
913,1766,total	1
914,1761,I	1
914,1761,able	1
914,1761,above	1
914,1761,gas	1
915,1795,choose	1
915,1795,court	1
915,1795,none	1
915,1795,very	1
915,1795,wrong	1
916,1726,admit	1
916,1726,another	1
916,1726,mission	1
916,1726,nearly	1
917,1886,after	1
917,1886,dream	1
917,1886,manage	1
917,1886,or	1
918,1829,especially	1
918,1829,teacher	1
918,1829,until	1
919,1752,difference	1
919,1752,like	1
919,1752,little	1
92,1794,might	1
92,1794,painting	1
92,1794,right	1
92,1794,six	1
92,1794,why	1
920,1846,central	1
920,1846,court	1
920,1846,gas	1
920,1846,win	1
921,1844,follow	1
921,1844,for	1
921,1844,former	1
921,1844,husband	1
922,1765,able	1
922,1765,item	1
922,1765,not	1
922,1765,sense	1
923,1829,argue	1
923,1829,simply	1
923,1829,wear	1
923,1829,white	1
924,1879,fine	1
924,1879,pass	1
924,1879,place	1
925,1806,car	1
925,1806,create	1
925,1806,leader	1
925,1806,wide	1
926,1847,defense	1
926,1847,look	1
926,1847,own	1
926,1847,right	1
926,1847,very	1
927,1883,door	1
927,1883,five	1
927,1883,laugh	1
927,1883,owner	1
927,1883,seek	1
928,1700,determine	1
928,1700,film	1
928,1700,main	1
928,1700,we	1
929,1813,fact	1
929,1813,fall	1
929,1813,north	1
929,1813,own	1
93,1738,brother	1
93,1738,factor	1
93,1738,health	1
93,1738,try	1
930,1830,human	1
930,1830,miss	1
930,1830,off	1
930,1830,organization	1
931,1771,action	1
931,1771,gun	1
931,1771,science	1
931,1771,star	1
932,1776,by	1
932,1776,clear	1
932,1776,cultural	1
932,1776,include	1
933,1731,bag	1
933,1731,friend	1
933,1731,little	1
933,1731,skin	1
933,1731,week	1
934,1875,deal	1
934,1875,fire	1
934,1875,prove	1
934,1875,speak	1
934,1875,throw	1
935,1880,case	1
935,1880,consumer	1
935,1880,four	1
935,1880,outside	1
936,1760,he	1
936,1760,million	1
936,1760,small	1
936,1760,weight	1
937,1824,audience	1
937,1824,grow	1
937,1824,industry	1
937,1824,life	1
938,1770,hard	1
938,1770,near	1
938,1770,school	1
938,1770,time	1
939,1890,goal	1
939,1890,lead	1
939,1890,meet	1
939,1890,need	1
939,1890,safe	1
94,1770,beyond	1
94,1770,carry	1
94,1770,each	1
94,1770,must	1
940,1787,ago	1
940,1787,business	1
940,1787,fight	1
940,1787,it	1
941,1843,attack	1
941,1843,late	1
941,1843,lay	1
941,1843,pressure	1
941,1843,win	1
942,1713,affect	1
942,1713,anyone	1
942,1713,rate	1
942,1713,standard	1
943,1855,bank	1
943,1855,believe	1
943,1855,number	1
943,1855,suddenly	1
944,1708,clearly	1
944,1708,entire	1
944,1708,oil	1
944,1708,recently	1
945,1880,another	1
945,1880,commercial	1
945,1880,lay	1
945,1880,step	1
946,1767,eat	1
946,1767,notice	1
946,1767,recognize	1
947,1724,be	1
947,1724,beat	1
947,1724,court	1
947,1724,less	1
947,1724,this	1
948,1736,I	1
948,1736,early	1
948,1736,exactly	1
948,1736,simple	1
949,1799,activity	1
949,1799,adult	1
949,1799,family	1
949,1799,sure	1
95,1835,art	1
95,1835,cup	1
95,1835,most	1
95,1835,real	1
95,1835,upon	1
950,1822,argue	1
950,1822,fine	1
950,1822,road	1
951,1894,above	1
951,1894,model	1
951,1894,window	1
952,1888,else	1
952,1888,tree	1
952,1888,two	1
953,1863,ago	1
953,1863,court	1
953,1863,win	1
954,1734,back	1
954,1734,fine	1
954,1734,play	1
955,1782,accept	1
955,1782,factor	1
955,1782,trip	1
956,1886,care	1
956,1886,either	1
956,1886,feel	1
956,1886,to	1
957,1768,I	1
957,1768,against	1
957,1768,catch	1
957,1768,night	1
957,1768,the	1
958,1882,big	1
958,1882,few	1
958,1882,he	1
958,1882,low	1
958,1882,town	1
959,1828,item	1
959,1828,physical	1
959,1828,she	1
959,1828,style	1
959,1828,sure	1
96,1776,deep	1
96,1776,guess	1
96,1776,have	1
96,1776,oil	1
96,1776,this	1
960,1752,figure	1
960,1752,none	1
960,1752,power	1
960,1752,stay	1
961,1767,artist	1
961,1767,blood	1
961,1767,direction	1
961,1767,price	1
962,1840,about	1
962,1840,admit	1
962,1840,day	1
962,1840,field	1
963,1861,chair	1
963,1861,deep	1
963,1861,end	1
963,1861,program	1
964,1900,if	1
964,1900,sure	1
964,1900,toward	1
964,1900,trouble	1
965,1872,film	1
965,1872,grow	1
965,1872,television	1
966,1787,if	1
966,1787,most	1
966,1787,near	1
966,1787,pull	1
966,1787,use	1
967,1738,assume	1
967,1738,drive	1
967,1738,list	1
967,1738,party	1
968,1893,positive	1
968,1893,spring	1
968,1893,theory	1
969,1706,beat	1
969,1706,charge	1
969,1706,give	1
97,1802,again	1
97,1802,imagine	1
97,1802,there	1
97,1802,true	1
970,1862,improve	1
970,1862,military	1
970,1862,relate	1
970,1862,the	1
971,1736,avoid	1
971,1736,letter	1
971,1736,picture	1
971,1736,threat	1
972,1821,I	1
972,1821,bad	1
972,1821,hear	1
972,1821,reduce	1
973,1870,school	1
973,1870,technology	1
973,1870,turn	1
974,1782,finally	1
974,1782,system	1
974,1782,usually	1
974,1782,worry	1
975,1747,public	1
975,1747,rise	1
975,1747,short	1
975,1747,spend	1
976,1768,contain	1
976,1768,here	1
976,1768,with	1
977,1861,factor	1
977,1861,pattern	1
977,1861,structure	1
978,1739,actually	1
978,1739,behind	1
978,1739,heavy	1
979,1863,develop	1
979,1863,for	1
979,1863,still	1
98,1735,experience	1
98,1735,middle	1
98,1735,per	1
980,1722,cultural	1
980,1722,eat	1
980,1722,guy	1
980,1722,health	1
980,1722,meet	1
981,1888,brother	1
981,1888,couple	1
981,1888,real	1
981,1888,think	1
982,1846,accord	1
982,1846,hard	1
982,1846,offer	1
983,1732,blood	1
983,1732,left	1
983,1732,once	1
983,1732,painting	1
984,1851,government	1
984,1851,on	1
984,1851,think	1
984,1851,three	1
985,1749,production	1
985,1749,sit	1
985,1749,tell	1
986,1797,bag	1
986,1797,inside	1
986,1797,summer	1
986,1797,type	1
986,1797,yard	1
987,1743,alone	1
987,1743,lawyer	1
987,1743,new	1
987,1743,sit	1
987,1743,view	1
988,1900,book	1
988,1900,make	1
988,1900,medical	1
988,1900,speech	1
989,1749,ago	1
989,1749,indicate	1
989,1749,seven	1
989,1749,strategy	1
99,1830,difference	1
99,1830,fund	1
99,1830,page	1
99,1830,white	1
990,1721,even	1
990,1721,hair	1
990,1721,size	1
990,1721,strategy	1
990,1721,we	1
991,1777,apply	1
991,1777,man	1
991,1777,trip	1
992,1813,arrive	1
992,1813,away	1
992,1813,leader	1
992,1813,subject	1
993,1856,reach	1
993,1856,source	1
993,1856,start	1
993,1856,team	1
994,1859,bear	1
994,1859,car	1
994,1859,report	1
994,1859,with	1
995,1789,article	1
995,1789,back	1
995,1789,source	1
995,1789,south	1
996,1700,daughter	1
996,1700,southern	1
996,1700,week	1
997,1839,consumer	1
997,1839,simply	1
997,1839,teacher	1
998,1705,ball	1
998,1705,know	1
998,1705,next	1
998,1705,on	1
998,1705,when	1
999,1809,performance	1
999,1809,travel	1
999,1809,type	1
999,1809,yes	1
Book ID,Publication Year,book	1
Book ID,Publication Year,name	1
