1,1885	4
10,1841	4
100,1778	4
1000,1717	4
101,1740	4
102,1841	4
103,1794	4
104,1799	4
105,1795	4
106,1794	3
107,1799	4
108,1766	3
109,1810	4
11,1714	4
110,1765	4
111,1863	4
112,1895	4
113,1877	3
114,1799	4
115,1842	4
116,1857	4
117,1786	5
118,1724	4
119,1703	4
12,1790	4
120,1764	4
121,1899	4
122,1731	4
123,1772	4
124,1837	4
125,1792	3
126,1837	3
127,1827	5
128,1785	4
129,1844	4
13,1801	3
130,1704	3
131,1751	4
132,1838	4
133,1750	4
134,1766	4
135,1798	4
136,1873	5
137,1854	4
138,1792	4
139,1743	6
14,1723	3
140,1813	4
141,1810	4
142,1742	3
143,1723	4
144,1735	5
145,1894	4
146,1755	4
147,1715	3
148,1895	4
149,1751	4
15,1860	4
150,1787	3
151,1845	4
152,1789	5
153,1885	4
154,1706	4
155,1781	4
156,1717	4
157,1734	4
158,1711	4
159,1885	4
16,1739	4
160,1821	4
161,1793	4
162,1733	5
163,1704	4
164,1853	3
165,1781	3
166,1854	4
167,1844	4
168,1899	4
169,1875	5
17,1802	4
170,1868	3
171,1795	4
172,1711	3
173,1896	4
174,1893	4
175,1754	4
176,1846	3
177,1828	4
178,1775	4
179,1791	4
18,1868	4
180,1808	4
181,1765	5
182,1887	4
183,1790	4
184,1774	3
185,1803	4
186,1816	5
187,1723	5
188,1757	3
189,1718	3
19,1807	4
190,1720	3
191,1708	4
192,1882	4
193,1793	4
194,1898	4
195,1716	4
196,1856	5
197,1843	4
198,1843	4
199,1737	3
2,1834	3
20,1826	5
200,1818	4
201,1701	4
202,1859	4
203,1839	4
204,1865	5
205,1766	3
206,1827	3
207,1815	4
208,1702	3
209,1762	3
21,1881	3
210,1766	4
211,1807	4
212,1841	4
213,1703	3
214,1761	5
215,1832	4
216,1831	4
217,1806	3
218,1865	4
219,1853	4
22,1764	4
220,1881	4
221,1730	4
222,1799	3
223,1735	3
224,1710	4
225,1810	4
226,1779	5
227,1872	4
228,1787	5
229,1847	4
23,1783	4
230,1881	4
231,1827	4
232,1822	3
233,1881	3
234,1816	4
235,1789	4
236,1728	4
237,1716	3
238,1812	4
239,1713	3
24,1831	4
240,1835	4
241,1822	5
242,1766	4
243,1760	4
244,1854	4
245,1832	4
246,1836	4
247,1891	4
248,1741	4
249,1896	4
25,1803	4
250,1753	4
251,1826	4
252,1865	5
253,1834	3
254,1715	3
255,1708	3
256,1869	4
257,1772	4
258,1771	4
259,1825	4
26,1849	4
260,1738	4
261,1754	4
262,1720	4
263,1840	3
264,1705	5
265,1769	3
266,1707	3
267,1725	4
268,1891	4
269,1777	4
27,1835	3
270,1726	3
271,1725	4
272,1791	3
273,1874	5
274,1892	3
275,1788	4
276,1792	3
277,1854	4
278,1719	3
279,1796	3
28,1839	4
280,1881	4
281,1716	4
282,1754	5
283,1833	4
284,1761	3
285,1735	4
286,1862	4
287,1859	4
288,1881	4
289,1783	5
29,1790	4
290,1736	4
291,1807	4
292,1898	3
293,1813	4
294,1814	4
295,1829	4
296,1825	4
297,1726	4
298,1799	4
299,1739	4
3,1862	4
30,1847	3
300,1807	4
301,1803	3
302,1852	4
303,1707	3
304,1748	5
305,1877	4
306,1755	4
307,1873	4
308,1865	3
309,1754	3
31,1839	4
310,1749	4
311,1745	4
312,1792	4
313,1735	3
314,1875	4
315,1832	3
316,1824	4
317,1818	3
318,1852	4
319,1763	3
32,1807	3
320,1727	3
321,1792	5
322,1889	3
323,1889	5
324,1799	4
325,1840	4
326,1812	4
327,1899	3
328,1854	3
329,1820	5
33,1875	4
330,1720	3
331,1807	4
332,1773	3
333,1820	4
334,1893	3
335,1855	4
336,1772	4
337,1834	4
338,1784	4
339,1860	4
34,1780	5
340,1736	4
341,1775	3
342,1771	5
343,1896	3
344,1775	3
345,1881	4
346,1879	4
347,1702	6
348,1808	3
349,1863	3
35,1712	4
350,1700	4
351,1892	4
352,1745	3
353,1800	4
354,1867	4
355,1883	4
356,1818	3
357,1895	3
358,1755	4
359,1804	4
36,1737	4
360,1824	3
361,1867	3
362,1726	3
363,1871	3
364,1720	4
365,1786	3
366,1778	4
367,1821	4
368,1849	5
369,1897	4
37,1864	5
370,1728	3
371,1844	6
372,1844	4
373,1741	4
374,1711	3
375,1813	4
376,1760	4
377,1814	3
378,1793	5
379,1838	3
38,1771	4
380,1702	4
381,1843	4
382,1850	4
383,1707	4
384,1726	4
385,1751	3
386,1709	3
387,1776	4
388,1742	4
389,1849	4
39,1818	4
390,1850	5
391,1813	3
392,1793	3
393,1713	4
394,1784	3
395,1722	4
396,1761	4
397,1885	4
398,1742	4
399,1834	4
4,1822	4
40,1794	4
400,1709	5
401,1876	4
402,1818	3
403,1836	5
404,1878	4
405,1747	4
406,1740	5
407,1747	4
408,1864	5
409,1776	4
41,1799	3
410,1783	4
411,1758	4
412,1900	3
413,1893	3
414,1709	3
415,1821	4
416,1896	4
417,1863	4
418,1746	4
419,1864	4
42,1714	4
420,1773	4
421,1751	4
422,1882	4
423,1788	5
424,1764	3
425,1853	3
426,1853	4
427,1718	3
428,1714	5
429,1719	4
43,1810	3
430,1756	5
431,1895	3
432,1842	3
433,1720	4
434,1892	3
435,1825	4
436,1789	4
437,1887	4
438,1757	4
439,1850	4
44,1743	4
440,1703	3
441,1885	4
442,1870	5
443,1861	4
444,1762	5
445,1735	4
446,1708	5
447,1769	4
448,1855	3
449,1746	4
45,1801	5
450,1838	4
451,1825	3
452,1852	4
453,1846	4
454,1787	4
455,1861	3
456,1799	3
457,1712	4
458,1886	3
459,1783	4
46,1853	4
460,1752	4
461,1776	4
462,1876	4
463,1869	3
464,1708	4
465,1831	5
466,1785	4
467,1871	4
468,1838	4
469,1782	6
47,1853	4
470,1776	4
471,1880	3
472,1779	3
473,1731	4
474,1845	3
475,1766	5
476,1754	4
477,1874	4
478,1823	4
479,1794	4
48,1747	3
480,1853	4
481,1736	3
482,1820	4
483,1754	3
484,1896	5
485,1737	3
486,1722	4
487,1751	5
488,1734	5
489,1750	5
49,1770	4
490,1852	3
491,1834	4
492,1836	4
493,1890	5
494,1800	3
495,1786	4
496,1741	4
497,1778	4
498,1857	4
499,1828	4
5,1834	3
50,1729	4
500,1809	4
501,1895	3
502,1785	4
503,1817	5
504,1702	4
505,1760	4
506,1794	4
507,1872	5
508,1815	4
509,1896	4
51,1880	5
510,1862	4
511,1888	4
512,1871	3
513,1781	4
514,1738	4
515,1865	3
516,1866	4
517,1872	4
518,1839	6
519,1832	4
52,1781	3
520,1840	3
521,1738	3
522,1890	4
523,1748	4
524,1747	4
525,1804	5
526,1724	3
527,1820	5
528,1826	4
529,1874	3
53,1730	4
530,1740	3
531,1706	3
532,1837	5
533,1740	4
534,1799	5
535,1710	4
536,1804	4
537,1737	3
538,1759	3
539,1701	5
54,1780	4
540,1757	4
541,1721	5
542,1837	3
543,1772	3
544,1767	4
545,1747	4
546,1734	3
547,1857	4
548,1874	6
549,1733	4
55,1709	3
550,1712	4
551,1819	3
552,1882	4
553,1885	5
554,1832	4
555,1733	4
556,1766	5
557,1719	4
558,1759	4
559,1702	3
56,1729	6
560,1727	3
561,1829	3
562,1727	4
563,1814	3
564,1754	3
565,1882	3
566,1772	4
567,1840	4
568,1889	4
569,1763	5
57,1819	4
570,1809	4
571,1799	4
572,1834	3
573,1711	4
574,1715	4
575,1786	5
576,1780	4
577,1812	4
578,1737	4
579,1723	5
58,1789	4
580,1778	4
581,1774	4
582,1740	5
583,1750	4
584,1704	4
585,1855	4
586,1835	5
587,1715	3
588,1805	5
589,1900	3
59,1748	3
590,1777	4
591,1719	4
592,1816	4
593,1812	4
594,1824	3
595,1759	4
596,1725	5
597,1832	3
598,1882	4
599,1882	4
6,1715	4
60,1869	4
600,1872	5
601,1765	3
602,1745	4
603,1821	5
604,1728	3
605,1737	4
606,1818	4
607,1871	5
608,1733	5
609,1885	5
61,1762	4
610,1795	4
611,1755	4
612,1851	4
613,1747	3
614,1751	3
615,1784	3
616,1863	5
617,1723	4
618,1792	4
619,1869	4
62,1838	5
620,1820	4
621,1792	3
622,1804	4
623,1747	5
624,1852	4
625,1727	3
626,1800	6
627,1825	4
628,1878	3
629,1774	3
63,1865	5
630,1814	5
631,1701	4
632,1890	3
633,1882	3
634,1884	4
635,1876	5
636,1874	5
637,1749	4
638,1837	3
639,1864	5
64,1819	4
640,1771	3
641,1855	4
642,1870	4
643,1827	3
644,1790	3
645,1748	3
646,1735	4
647,1733	4
648,1812	4
649,1797	4
65,1786	3
650,1863	5
651,1720	4
652,1756	3
653,1706	4
654,1799	4
655,1702	5
656,1705	5
657,1772	4
658,1726	3
659,1829	3
66,1735	4
660,1884	4
661,1728	3
662,1767	5
663,1770	3
664,1782	5
665,1827	5
666,1844	4
667,1801	3
668,1705	4
669,1737	5
67,1779	5
670,1848	3
671,1847	5
672,1789	5
673,1783	3
674,1740	4
675,1706	4
676,1713	3
677,1837	4
678,1822	3
679,1783	3
68,1795	3
680,1862	4
681,1827	4
682,1813	3
683,1822	3
684,1834	3
685,1873	4
686,1762	4
687,1872	4
688,1700	4
689,1789	3
69,1769	3
690,1716	4
691,1814	4
692,1802	3
693,1757	3
694,1852	3
695,1715	4
696,1809	4
697,1778	4
698,1820	5
699,1801	4
7,1705	4
70,1778	4
700,1777	4
701,1828	3
702,1717	3
703,1844	4
704,1838	3
705,1742	4
706,1807	4
707,1760	4
708,1749	4
709,1871	5
71,1716	3
710,1781	3
711,1849	3
712,1827	4
713,1858	5
714,1800	4
715,1826	4
716,1899	4
717,1761	3
718,1753	4
719,1876	4
72,1733	4
720,1870	4
721,1730	5
722,1828	4
723,1831	6
724,1749	4
725,1731	4
726,1830	5
727,1774	4
728,1764	4
729,1837	4
73,1854	4
730,1751	3
731,1776	4
732,1755	4
733,1897	4
734,1824	3
735,1757	3
736,1741	4
737,1802	4
738,1761	4
739,1766	3
74,1774	3
740,1876	3
741,1883	4
742,1791	3
743,1724	4
744,1744	4
745,1726	4
746,1844	3
747,1805	4
748,1709	4
749,1808	4
75,1871	4
750,1896	5
751,1710	6
752,1761	4
753,1824	4
754,1889	4
755,1841	3
756,1824	4
757,1875	4
758,1721	4
759,1806	3
76,1793	5
760,1713	3
761,1852	3
762,1746	4
763,1860	4
764,1753	4
765,1832	4
766,1724	3
767,1873	3
768,1831	4
769,1835	4
77,1704	4
770,1779	4
771,1734	3
772,1781	4
773,1871	4
774,1769	3
775,1836	3
776,1827	4
777,1862	4
778,1763	3
779,1898	6
78,1831	4
780,1850	3
781,1752	4
782,1805	4
783,1866	5
784,1723	4
785,1889	4
786,1765	3
787,1894	4
788,1721	4
789,1731	4
79,1782	4
790,1899	3
791,1785	4
792,1745	4
793,1757	4
794,1895	4
795,1710	3
796,1872	3
797,1833	3
798,1782	3
799,1750	4
8,1779	4
80,1812	4
800,1701	4
801,1877	4
802,1807	4
803,1814	4
804,1808	5
805,1884	4
806,1745	3
807,1856	3
808,1801	4
809,1851	4
81,1831	3
810,1886	3
811,1737	3
812,1751	4
813,1735	4
814,1750	5
815,1867	4
816,1778	5
817,1816	4
818,1704	4
819,1708	3
82,1744	4
820,1725	3
821,1832	4
822,1833	3
823,1841	5
824,1766	3
825,1765	4
826,1785	3
827,1845	3
828,1705	4
829,1858	4
83,1792	4
830,1861	5
831,1897	4
832,1720	4
833,1747	3
834,1823	5
835,1885	4
836,1843	3
837,1717	4
838,1834	4
839,1738	4
84,1808	5
840,1732	4
841,1862	3
842,1786	3
843,1717	5
844,1874	4
845,1777	5
846,1801	4
847,1769	3
848,1874	4
849,1748	4
85,1802	4
850,1825	4
851,1824	3
852,1877	4
853,1844	4
854,1741	4
855,1892	4
856,1713	4
857,1749	4
858,1814	4
859,1844	4
86,1792	4
860,1852	4
861,1737	4
862,1843	4
863,1848	3
864,1777	4
865,1862	4
866,1719	3
867,1845	3
868,1770	4
869,1709	4
87,1727	4
870,1881	4
871,1741	3
872,1862	4
873,1734	4
874,1712	4
875,1746	3
876,1748	4
877,1892	4
878,1763	4
879,1819	3
88,1795	5
880,1900	4
881,1893	4
882,1701	4
883,1846	5
884,1744	4
885,1893	4
886,1798	4
887,1900	6
888,1844	4
889,1709	4
89,1804	4
890,1875	4
891,1763	4
892,1772	4
893,1755	4
894,1751	4
895,1708	4
896,1824	4
897,1731	4
898,1812	4
899,1846	5
9,1822	4
90,1834	4
900,1812	3
901,1783	3
902,1819	3
903,1747	4
904,1896	4
905,1784	3
906,1733	3
907,1882	4
908,1897	4
909,1818	4
91,1838	3
910,1883	4
911,1882	3
912,1841	3
913,1766	5
914,1761	4
915,1795	5
916,1726	4
917,1886	4
918,1829	3
919,1752	3
92,1794	5
920,1846	4
921,1844	4
922,1765	4
923,1829	4
924,1879	3
925,1806	4
926,1847	5
927,1883	5
928,1700	4
929,1813	4
93,1738	4
930,1830	4
931,1771	4
932,1776	4
933,1731	5
934,1875	5
935,1880	4
936,1760	4
937,1824	4
938,1770	4
939,1890	5
94,1770	4
940,1787	4
941,1843	5
942,1713	4
943,1855	4
944,1708	4
945,1880	4
946,1767	3
947,1724	5
948,1736	4
949,1799	4
95,1835	5
950,1822	3
951,1894	3
952,1888	3
953,1863	3
954,1734	3
955,1782	3
956,1886	4
957,1768	5
958,1882	5
959,1828	5
96,1776	5
960,1752	4
961,1767	4
962,1840	4
963,1861	4
964,1900	4
965,1872	3
966,1787	5
967,1738	4
968,1893	3
969,1706	3
97,1802	4
970,1862	4
971,1736	4
972,1821	4
973,1870	3
974,1782	4
975,1747	4
976,1768	3
977,1861	3
978,1739	3
979,1863	3
98,1735	3
980,1722	5
981,1888	4
982,1846	3
983,1732	4
984,1851	4
985,1749	3
986,1797	5
987,1743	5
988,1900	4
989,1749	4
99,1830	4
990,1721	5
991,1777	3
992,1813	4
993,1856	4
994,1859	4
995,1789	4
996,1700	3
997,1839	3
998,1705	5
999,1809	4
Book ID,Publication Year	2
