1,1885	0
10,1841	-1
104,1799	1
109,1810	2
11,1714	2
110,1765	1
111,1863	-2
114,1799	1
115,1842	2
116,1857	2
12,1790	1
124,1837	-3
132,1838	0
134,1766	2
135,1798	2
136,1873	-1
139,1743	1
14,1723	0
141,1810	1
144,1735	-4
146,1755	4
148,1895	1
151,1845	5
153,1885	2
155,1781	2
156,1717	1
157,1734	0
159,1885	1
163,1704	-1
166,1854	2
167,1844	3
168,1899	2
171,1795	2
175,1754	1
181,1765	0
182,1887	-1
183,1790	-2
184,1774	-2
189,1718	0
19,1807	5
190,1720	0
193,1793	-1
194,1898	3
195,1716	-1
199,1737	1
20,1826	2
200,1818	0
202,1859	3
203,1839	2
208,1702	1
21,1881	-3
210,1766	2
214,1761	2
215,1832	1
218,1865	1
219,1853	-1
22,1764	0
224,1710	-2
226,1779	-1
227,1872	-1
228,1787	-2
232,1822	-3
234,1816	1
235,1789	1
236,1728	-1
237,1716	2
240,1835	1
241,1822	1
242,1766	3
244,1854	-2
247,1891	-1
249,1896	2
251,1826	-2
253,1834	1
256,1869	1
258,1771	4
26,1849	2
261,1754	1
264,1705	1
265,1769	2
266,1707	1
267,1725	-1
268,1891	1
275,1788	-1
277,1854	-1
28,1839	2
281,1716	0
282,1754	2
283,1833	-3
285,1735	1
287,1859	1
288,1881	1
289,1783	2
293,1813	-2
294,1814	0
295,1829	1
298,1799	1
303,1707	3
306,1755	3
31,1839	1
311,1745	1
313,1735	-1
314,1875	0
331,1807	3
338,1784	-1
339,1860	0
346,1879	2
347,1702	-2
35,1712	1
353,1800	-2
354,1867	1
358,1755	1
36,1737	3
362,1726	3
363,1871	-2
364,1720	1
365,1786	2
366,1778	4
369,1897	2
370,1728	-1
371,1844	-1
374,1711	3
376,1760	-3
377,1814	-3
378,1793	-1
379,1838	1
381,1843	2
389,1849	1
390,1850	2
391,1813	2
392,1793	2
396,1761	4
397,1885	-1
398,1742	-1
4,1822	0
41,1799	-1
410,1783	1
411,1758	1
414,1709	0
415,1821	1
417,1863	1
427,1718	0
428,1714	2
430,1756	1
433,1720	4
438,1757	-2
442,1870	0
443,1861	2
444,1762	2
446,1708	2
448,1855	0
45,1801	2
453,1846	2
455,1861	2
458,1886	-1
459,1783	2
46,1853	-3
460,1752	2
461,1776	-1
467,1871	1
468,1838	-2
469,1782	-1
47,1853	-1
471,1880	-3
473,1731	3
475,1766	-3
476,1754	1
477,1874	4
48,1747	-2
484,1896	0
486,1722	-3
487,1751	-1
489,1750	-4
491,1834	-1
493,1890	2
495,1786	3
496,1741	-2
498,1857	2
5,1834	0
502,1785	0
509,1896	-3
51,1880	1
510,1862	1
511,1888	1
514,1738	5
518,1839	1
519,1832	2
520,1840	3
522,1890	-1
526,1724	0
529,1874	0
533,1740	3
535,1710	1
537,1737	4
538,1759	1
539,1701	1
54,1780	1
545,1747	-1
548,1874	3
552,1882	1
555,1733	2
556,1766	2
56,1729	1
561,1829	1
567,1840	2
569,1763	-1
571,1799	2
575,1786	1
578,1737	-2
579,1723	-2
584,1704	1
586,1835	3
588,1805	1
590,1777	-3
593,1812	1
598,1882	2
599,1882	2
6,1715	1
601,1765	1
607,1871	-2
608,1733	-1
61,1762	1
612,1851	-1
617,1723	1
618,1792	1
620,1820	2
621,1792	-1
623,1747	3
624,1852	1
626,1800	1
627,1825	1
628,1878	3
629,1774	-2
63,1865	-2
630,1814	2
634,1884	1
636,1874	1
637,1749	1
642,1870	2
646,1735	-3
647,1733	2
650,1863	1
651,1720	1
653,1706	2
654,1799	3
655,1702	0
66,1735	1
661,1728	-3
662,1767	1
664,1782	2
666,1844	0
668,1705	-2
669,1737	3
67,1779	1
671,1847	0
673,1783	-3
674,1740	2
675,1706	4
676,1713	-1
683,1822	1
685,1873	3
689,1789	1
690,1716	1
693,1757	1
695,1715	2
699,1801	2
7,1705	-2
703,1844	5
705,1742	3
706,1807	0
709,1871	-1
710,1781	2
711,1849	3
712,1827	1
714,1800	0
715,1826	1
718,1753	0
72,1733	3
720,1870	2
721,1730	2
724,1749	0
728,1764	2
73,1854	4
732,1755	-1
733,1897	4
735,1757	1
737,1802	-3
738,1761	-1
741,1883	-1
746,1844	1
749,1808	1
753,1824	0
763,1860	0
767,1873	-1
77,1704	1
773,1871	-2
775,1836	-1
778,1763	0
779,1898	-1
78,1831	1
781,1752	-3
783,1866	-2
784,1723	0
786,1765	1
791,1785	2
794,1895	-1
80,1812	-1
800,1701	0
803,1814	1
807,1856	2
810,1886	2
811,1737	2
813,1735	2
814,1750	1
815,1867	2
816,1778	4
817,1816	1
819,1708	0
82,1744	0
822,1833	1
824,1766	1
825,1765	-2
826,1785	1
829,1858	4
835,1885	-2
839,1738	0
84,1808	2
841,1862	1
843,1717	-1
844,1874	2
846,1801	1
849,1748	0
85,1802	3
850,1825	1
853,1844	-1
86,1792	-2
860,1852	2
861,1737	2
862,1843	1
863,1848	2
866,1719	-3
871,1741	2
874,1712	2
88,1795	-1
881,1893	4
882,1701	1
885,1893	0
887,1900	-1
89,1804	3
890,1875	-2
891,1763	0
892,1772	0
893,1755	3
894,1751	2
895,1708	2
896,1824	0
899,1846	-3
90,1834	1
900,1812	5
913,1766	2
915,1795	-2
916,1726	-1
917,1886	1
918,1829	2
919,1752	2
920,1846	4
923,1829	1
924,1879	2
925,1806	3
927,1883	1
930,1830	-2
931,1771	-1
932,1776	1
933,1731	0
934,1875	-2
935,1880	0
938,1770	-1
939,1890	1
940,1787	-1
941,1843	2
944,1708	1
950,1822	2
953,1863	4
954,1734	2
955,1782	1
956,1886	2
958,1882	1
962,1840	-1
964,1900	-2
968,1893	2
97,1802	2
970,1862	2
971,1736	-3
972,1821	-3
974,1782	-3
976,1768	0
982,1846	-1
984,1851	0
986,1797	0
987,1743	-2
988,1900	1
992,1813	2
993,1856	4
994,1859	1
995,1789	0
996,1700	1
997,1839	3
998,1705	2
999,1809	4
Book ID,Publication Year	1
